1e-07 1e-04
1e-07 1e-04
1e-07 1e-04
1e-07 1e-04
1e-07 1e-04
1e-07 1e-04
1e-07 1e-04
1e-07 1e-04
1e-07 1e-04
1e-07 1e-04
1e-07 1e-04
1e-07 1e-04
1e-07 1e-04
1e-07 1e-04
1e-07 1e-04
1e-07 1e-04
1e-07 1e-04
1e-07 1e-04
0.000110214489275536 0.000378408265215482
0.000295575221238938 0.00128743502944613
0.000741162941852907 0.00250469782447197
0.00156739163041848 0.0033080458580183
0.00160398980050997 0.00430577416733838
0.00594683265836708 0.00648358825558658
0.02000094 0.00758577575029184
0.0231044447777611 0.0023226563578943
0.0361999200039998 0.00135810669803904
0.0538926053697315 0.00117282935277677
0.0764502974851257 0.000890209632083907
0.103686265686716 0.000731622326230446
0.135901044947753 0.0006296331941412
0.175772741362932 0.000549622937799815
0.221311304434778 0.000420225956839957
0.270535363231838 0.000348055886975916
0.321736533173341 0.000284037860392579
0.37399185040748 0.000246443956141922
0.425912754362282 0.000208075738058866
0.475299135043248 0.000177957939227723
0.522386380680966 0.000142800201956954
0.566076566171691 0.000121344512242652
0.6060798760062 0.000105086971983736
0.642773831308435 9.10326348794455e-05
0.675962911854407 7.58443312553063e-05
0.705671256437178 6.58094202530752e-05
0.731946062696865 5.80128532303573e-05
0.755066956652167 5.25135124407346e-05
0.774968581570921 4.74757791425597e-05
0.792153922303885 4.34214714425925e-05
0.806173261336933 3.924549794917e-05
0.817454147292635 3.65813334543977e-05
0.825830058497075 3.47353282585826e-05
0.831286565671716 3.33284379655233e-05
