3.878707276674875e-12
3.8869234470670245e-12
3.8953633001103385e-12
3.903667201051324e-12
3.9128099814918865e-12
3.923028351324556e-12
3.932668993238173e-12
3.9436460156230024e-12
3.954627668836762e-12
3.966382527174316e-12
3.978732323883566e-12
3.991410060262244e-12
4.005208691406924e-12
3.2185515430496847e-12
3.2307690876875215e-12
3.243206343410897e-12
3.2571544312402803e-12
3.2712211732583415e-12
3.2856753633531657e-12
3.301514283676148e-12
3.317719433786634e-12
3.334991678658657e-12
3.3529446248847463e-12
3.372608296743313e-12
3.3928606534099403e-12
3.413910356557216e-12
3.4365439713268295e-12
3.4599679004834037e-12
3.484985486027876e-12
3.5111939868540535e-12
3.5393381485768033e-12
3.5681942441475308e-12
3.599076812830815e-12
3.6317833292516033e-12
3.666545208529576e-12
3.702616011772919e-12
3.741004486197657e-12
3.7818041921037645e-12
3.8255051142748064e-12
3.871321994359033e-12
3.919828247265174e-12
3.970952190722504e-12
4.025260507608525e-12
3.2784747514806583e-12
3.3286845407511774e-12
3.3819992620634133e-12
3.4384935936980553e-12
3.498870762992481e-12
3.562124421204054e-12
3.631170438484526e-12
3.704337109578877e-12
3.782306083119402e-12
3.8655849900129955e-12
3.955487686286471e-12
4.051493857807896e-12
3.344148206156956e-12
3.434104398174825e-12
3.5302893297725558e-12
3.6346177781598833e-12
3.746963903020981e-12
3.86785357594914e-12
3.9992402771533426e-12
4.1411041837380514e-12
3.466996103549565e-12
3.6039316050923323e-12
3.752312311277626e-12
3.915034343722843e-12
4.092333639651888e-12
3.4682462225463037e-12
3.642646372260987e-12
3.834984492072991e-12
4.0466591610393016e-12
4.280637715739495e-12
3.68444405342833e-12
3.921207211764001e-12
4.185214119088964e-12
3.6440468656593366e-12
3.9165293274007545e-12
4.223407339440214e-12
3.7251024798721065e-12
4.049611607170816e-12
4.4192878588178126e-12
3.957613666607031e-12
4.359066262174727e-12
3.950552815707681e-12
4.395323008906653e-12
4.034790762779261e-12
4.539893365867689e-12
4.226558441338304e-12
3.9681279332708315e-12
4.5541665888155975e-12
4.3463398104481604e-12
4.1879913405288815e-12
4.076492736711128e-12
4.829213728934049e-12
4.795028652849693e-12
4.817452015857555e-12
4.898457130986657e-12
5.045669174490615e-12
4.415770355284426e-12
4.685600882581516e-12
5.0476543488132086e-12
4.660637968870093e-12
5.197619981547487e-12
5.002236896000018e-12
4.9285209873103945e-12
4.978309949023717e-12
5.161549858689838e-12
5.501600059419919e-12
6.035331157305646e-12
5.893589568127743e-12
5.982699139676974e-12
6.327988781513015e-12
6.098421285684453e-12
7.074925299171622e-12
6.664550665806872e-12
6.71645836955022e-12
7.268084832359083e-12
7.558881207854525e-12
8.588803924758828e-12
8.688026350432775e-12
8.964153723917222e-12
9.652253668212237e-12
1.0173602946252085e-11
1.0969187363148376e-11
1.175104979113406e-11
1.3413993177445972e-11
1.45461396694434e-11
1.6335578574772557e-11
1.953563620456619e-11
2.3015480699062837e-11
2.8212685806127377e-11
3.741227108217724e-11
5.621327944647414e-11
1.141138784131703e-10
0.33499960938138107
0.37585217522578845
0.40732626653467674
0.4335606643527098
0.4563558630771828
0.47668174181369016
0.4951284911061304
0.5120851138891219
0.5278229440262446
0.5425394144744262
0.5563829711612445
0.5694681809368668
0.5818853641680879
0.5937069920112186
0.6049920813849761
0.6157893020045473
0.6261392273930132
0.6360760007320418
0.6456285907812169
0.6548217544014501
0.6636767850434426
0.6722121024075273
0.6804437224322541
0.6883856358363848
0.6960501159036487
0.7034479708650773
0.710588752441502
0.7174809293442281
0.7241320325175771
0.73054877739265
0.736737167304109
0.742702581362215
0.7484498494342501
0.7539833163728787
0.7593068972703286
0.7644241252046564
0.7693381927308061
0.7740519881962674
0.778568127837032
0.7828889845187216
0.7870167139373216
0.7909532790513343
0.7947004735252918
0.7982599449667499
0.8016332187864943
0.8048217235573943
0.8078268188294258
0.8106498264419034
0.8132920664803591
0.815754899138194
0.8180397738565397
0.8201482872238361
0.8220822511981194
0.8238437732486397
0.8254353499649912
0.8268599754988304
0.8281212658187909
0.8292235990652964
0.8301722711698456
0.830973664122087
0.8316354216149684
0.8321666228573158
0.832577939673385
0.8328817539273818
0.833092201032614
0.833225089782276
