5.18444092626022e-12
5.46785574774899e-12
4.91739622206984e-12
5.21004357014136e-12
5.53159290458938e-12
5.02383646805061e-12
5.36273060472483e-12
5.73856961513121e-12
5.2720086746718e-12
5.67762650890178e-12
5.26449961693756e-12
5.71045475577232e-12
5.35004862235026e-12
5.85035745827249e-12
5.5448303737646e-12
6.11838689284783e-12
5.87371036729000e-12
6.54649623688412e-12
6.37393257391581e-12
6.25934015340352e-12
6.20194719429771e-12
6.20223108972610e-12
6.26203065330579e-12
7.25986351987586e-12
6.57523386309201e-12
6.8407209815898e-12
7.19059848951959e-12
7.63721375490467e-12
7.29705497982445e-12
7.9324283348224e-12
7.795389878254e-12
8.6723726088722e-12
8.76285379276401e-12
8.98775831130081e-12
8.45121828186395e-12
8.94892806886487e-12
9.61610811714917e-12
9.53640397393979e-12
9.64067802964577e-12
9.93560300044104e-12
1.04400956545771e-11
1.02658241091058e-11
1.12464495123141e-11
1.15885927737779e-11
1.13128926705114e-11
1.22921623619063e-11
1.27258652815764e-11
1.26502208544993e-11
1.30498546024344e-11
1.39828251013422e-11
1.45994756387939e-11
1.49818599003465e-11
1.61827443596999e-11
1.64382181521604e-11
1.78133943346405e-11
1.86064210448939e-11
1.90822338183464e-11
2.0507959977237e-11
2.23714749609194e-11
2.42880353554231e-11
2.6061836449706e-11
2.87806731124269e-11
3.1089546354828e-11
3.53058631237923e-11
4.01851563577391e-11
4.58347942804851e-11
5.50517233750444e-11
6.8193213524289e-11
9.09402716824479e-11
1.35145608720394e-10
2.66085307530745e-10
0.0295363888107595
0.0317992004935738
0.03399697441488
0.0373910680094758
0.0396573796997147
0.0419248933993584
0.0451843071460423
0.0488231189453218
0.0515989668684621
0.0545999287430753
0.0576318113527278
0.0609184584480982
0.0637849301366811
0.0677936665013009
0.07223805131641
0.0763584237379191
0.0806888640989917
0.0850758621251631
0.090028690298392
0.0944363908689481
0.0994843762880957
0.105121946460173
0.11091922547152
0.116679956161802
0.122623999655921
0.128763134189134
0.135144473080674
0.142305465976301
0.149258240417753
0.157340914075567
0.16535925084623
0.173456661210832
0.18304967080091
0.191661189952538
0.200398892745575
0.209178151830074
0.218065661016323
0.227112993266683
0.236363589358968
0.245842872415574
0.255535369655934
0.265401816840629
0.275369294628453
0.285378786430423
0.295443833723393
0.305581170737228
0.315793892941857
0.326073657021353
0.33640348183595
0.346762891976275
0.357133496483482
0.367500940472554
0.37785361076268
0.388180883434021
0.398472184678269
0.408716827663978
0.418904321049853
0.429024838298757
0.439069569612703
0.449030824010766
0.458901924721222
0.46867701545892
0.478350869527953
0.487918741437017
0.497376266124819
0.506719397542065
0.51594437629857
0.52504771745215
0.534026211047579
0.54287692915943
0.551597234261491
0.560184785115412
0.568637537926261
0.576953742108867
0.585131931182661
0.59317091000314
0.601069739716001
0.608827721642599
0.616444380978858
0.623919450805539
0.631252856636473
0.638444701502984
0.645495251483142
0.652404921536618
0.659174261506246
0.665803942201274
0.672294741497086
0.678647530455445
0.684863259481611
0.690942944592341
0.69688765385318
0.702698494091941
0.708376597962566
0.713923111462119
0.719339181961023
0.724625946835837
0.729784522739283
0.734815995567445
0.739721411142272
0.744501766630778
0.749158002700912
0.753690996418482
0.758101554853333
0.762390409389455
0.76655821068931
0.770605524289454
0.774532826773616
0.778340502477
0.782028840665603
0.785598033129489
0.789048172119647
0.792379248558391
0.795591150431392
0.798683661267594
0.801656458599046
0.804509112261822
0.807241082390789
0.809851716915463
0.812340248326179
0.814705789424471
0.816947327688989
0.819063717782271
0.821053671584207
0.822915744926807
0.824648319945315
0.8262495815963
0.827717486407136
0.829049720951397
0.830243646813664
0.83129622807531
