2.0985496754732814e-11
3.6425152035748055e-11
3.664970217912394e-11
3.8128023027403645e-11
3.802945347166356e-11
3.676651003660635e-11
3.711692514785105e-11
3.7655023293216307e-11
3.8248550605290796e-11
3.695096843270016e-11
3.7724580314501204e-11
3.960387861528007e-11
3.856890323742904e-11
3.967877257653922e-11
3.982162800013457e-11
3.9198063211575964e-11
3.9637363464763125e-11
4.127893582717841e-11
4.002603406972154e-11
4.0913654926956204e-11
4.0947402202882005e-11
4.127922528719319e-11
4.1858068182211844e-11
4.1487158803652776e-11
4.328359423595618e-11
4.3734340002595704e-11
4.226407442787382e-11
4.310689275505448e-11
4.429774604934141e-11
4.3896757157104017e-11
4.491698095487075e-11
4.5373220278130406e-11
4.5428889155396654e-11
4.6816682429586574e-11
4.7980736500273455e-11
4.870616758699337e-11
4.841758676343829e-11
5.0777607224001595e-11
5.0251114446372344e-11
5.0781553713362385e-11
5.155542603969621e-11
9.008734379633971e-11
5.4711995335182514e-11
5.6524165143904704e-11
5.860761446494382e-11
6.130808884150613e-11
6.40514742147002e-11
7.088489358296184e-11
6.623163963863324e-11
7.429107213732238e-11
7.988225091114034e-11
8.628360354092705e-11
9.316321805761774e-11
1.0246383825375834e-10
1.1227560346859726e-10
1.2762604925703933e-10
1.466680594487099e-10
1.7393847893801013e-10
2.0761622455706346e-10
2.767561508944757e-10
4.1977266213228783e-10
1.0322500274214503e-9
0.03258917336417018
0.03416920199922784
0.03587396938260374
0.03890330277835958
0.04112682557777029
0.04422141206956526
0.0462391579294239
0.04834192320675156
0.0509780265157464
0.0532365350012785
0.05554503820581848
0.05796881912109821
0.06055049463467675
0.06327804038195796
0.06618709350696657
0.0695348855529683
0.07279053426905914
0.07609799394187192
0.0795853908646985
0.0833193105831312
0.08727599935977093
0.09137466424679933
0.09556178916159379
0.09984101813383124
0.10423319755572304
0.10877125503539524
0.11350632756873742
0.11852742861980832
0.12395269126783326
0.12964582487036191
0.13576356328852512
0.14217850845540503
0.1494039353529889
0.15599275756576525
0.16267694041198388
0.16955180704187126
0.17664000314697306
0.18389698835968038
0.1913112606627447
0.19889335919281792
0.20665597001955474
0.21461455152965409
0.22277996100460137
0.23114601952078292
0.2396842174484545
0.24835939181718078
0.2571528238137077
0.2660636637133196
0.27509711648573293
0.28425717909230286
0.2935443770822415
0.30295525838806925
0.31248243589819646
0.3221151298100177
0.33184035074342816
0.3416444589470858
0.35151439707682686
0.3614380965760003
0.3714042067840013
0.3814016051850443
0.3914189962415201
0.4014447003266444
0.4114666570606901
0.421472636747821
0.43145058820293924
0.4413889864393307
0.4512770575786901
0.46110484522580175
0.47086316175605136
0.4805434903603472
0.49013788508395645
0.4996388902970237
0.509039484744073
0.5183330486685325
0.5275133507971094
0.536574551489058
0.5455112175772642
0.554318343492178
0.562991372864375
0.571526215525987
0.5799192567098945
0.5881673575523776
0.5962678480140944
0.6042185144246911
0.6120175840241763
0.6196637083066414
0.6271559461222165
0.6344937466920068
0.6416769321133599
0.6487056786152294
0.6555804958310754
0.662302203497864
0.6688719052995001
0.6752909598942013
0.6815609494712564
0.6876836464379967
0.6936609789939251
0.6994949964193186
0.7051878348856819
0.7107416845257919
0.7161587583602026
0.7214412635413574
0.7265913752215456
0.731611213207519
0.7365028214533211
0.7412681503366261
0.7459090415855915
0.7504272156992549
0.7548242616350757
0.759101628548011
0.7632606193536109
0.767302385883181
0.7712279254155744
0.7750380783781439
0.7787335270192891
0.7823147948770769
0.7857822468629012
0.7891360898092661
0.792376373323328
0.795502990798067
0.7985156804403631
0.8014140261682242
0.8041974582278008
0.8068652533787987
0.8094165344807921
0.8118502692988202
0.8141652683347187
0.8163601814542887
0.8184334930604509
0.8203835155116053
0.8222083804423229
0.8239060275684539
0.8254741904701431
0.8269103787164215
0.8282118555197979
0.829375609806678
0.830398321177222
0.8312763155107318
0.8320055078925365
