3.89030863376403e-12
3.89952694715412e-12
3.90897619697215e-12
3.91903940095847e-12
3.92965971296739e-12
3.94094874688771e-12
3.95281782201826e-12
3.96533957831727e-12
3.97860683222058e-12
3.99271858026355e-12
4.00763293525294e-12
3.22185726393787e-12
3.2354771952752e-12
3.24977976131041e-12
3.26507907362626e-12
3.28128001338542e-12
3.29840736565109e-12
3.31680186616305e-12
3.33623365252011e-12
3.35693723849899e-12
3.37893386354181e-12
3.40250352222373e-12
3.42759468268591e-12
3.45439753265063e-12
3.48308656536544e-12
3.51375161603635e-12
3.54657469613771e-12
3.58187245944945e-12
3.61963917222085e-12
3.66025597199224e-12
3.70396228332531e-12
3.75099935395959e-12
3.80176960901222e-12
3.8566529219952e-12
3.91602246372686e-12
3.98032631052525e-12
4.05009327374444e-12
3.31653041463325e-12
3.38406486492293e-12
3.4577735826782e-12
3.53841634385797e-12
3.62680631511917e-12
3.72393426118095e-12
3.83093814917634e-12
3.94909998064697e-12
4.07991202448479e-12
3.41049245100679e-12
3.54345934506078e-12
3.69217142284954e-12
3.85904065014625e-12
4.04696535388354e-12
4.25944868535379e-12
3.6512244195419e-12
3.8785266717041e-12
4.13919636752453e-12
3.61480935553077e-12
3.90349342107731e-12
4.24021781118374e-12
3.79147682058037e-12
4.1801251215108e-12
3.81165497363232e-12
4.27525863817039e-12
3.98716401513193e-12
4.56096673741315e-12
4.36366359611812e-12
4.23895075294074e-12
4.18465228760103e-12
5.03012200519057e-12
5.12555676996695e-12
4.47087095728197e-12
4.74541735172947e-12
5.13857532613152e-12
4.82190691575001e-12
5.46477573523968e-12
5.41308348262655e-12
5.5262708877208e-12
5.82058892067694e-12
6.33150572384243e-12
6.18069847248578e-12
6.2965799995095e-12
6.70554172101379e-12
6.57227622205152e-12
6.81921504672725e-12
7.50961643058529e-12
7.84165881226828e-12
7.90242651452927e-12
8.70483641915443e-12
8.61439366094486e-12
9.61431448869267e-12
1.01885902632152e-11
1.06934614918331e-11
1.16309922601402e-11
1.2822980424795e-11
1.44438619645573e-11
1.63518820316142e-11
1.85705076240558e-11
2.23761126283504e-11
2.72821909707787e-11
3.58738105912757e-11
5.28242306666815e-11
1.00819945226529e-10
0.0590556268884023
0.0633367423368864
0.0698989732338545
0.0767273907802041
0.085907255118527
0.0938018422295826
0.101706071342542
0.109838657531193
0.118310992442468
0.127204216042061
0.136575884026601
0.146469226243181
0.156916133433254
0.16792377592723
0.179497185119866
0.191644755757902
0.204203505041385
0.216802336916273
0.229461182323186
0.242255914132603
0.255192663700588
0.268243157922624
0.281302958289338
0.294270541228738
0.307138550883482
0.319904948170948
0.332557867566264
0.345074554350674
0.357426112886282
0.369590692986046
0.381558715446658
0.393328620455316
0.40490225104092
0.416282446425705
0.427472138753032
0.438474323029296
0.449292416676354
0.459930517496875
0.470393346675643
0.480685994697196
0.490813646219591
0.5007813632044
0.510593933169872
0.520255768125941
0.52977084056928
0.539142647260904
0.548374194406044
0.557467999365416
0.566426104836503
0.575250102062944
0.583941160243657
0.592500059810807
0.600927227819275
0.609222774051656
0.617386526871175
0.625418068072423
0.63331676625109
0.641081808346689
0.648712229148232
0.656206938650902
0.663564747206361
0.670784388470345
0.677864540183768
0.684803842846139
0.691600916371463
0.698254374803982
0.704762839207275
0.711124948817525
0.717339370563537
0.723404807046829
0.729320003069
0.735083750781236
0.740694893529956
0.746152328446884
0.751455007832551
0.756601939372252
0.761592185198819
0.766424859828572
0.771099126963678
0.775614195164856
0.779969312372263
0.784163759241997
0.788196841253926
0.792067879514001
0.795776200151598
0.799321122167073
0.802701943540507
0.805917925337901
0.808968273468513
0.811852117626206
0.814568486793224
0.817116280464073
0.819494234465474
0.821700879819843
0.823734492537009
0.825593031387452
0.827274059514857
0.828774643993839
0.830091224803145
0.83121944066084
