3.4701094622188064e-12
3.480365236939976e-12
3.4911722335835737e-12
3.50269448348369e-12
3.5149454260916634e-12
3.5277182829964806e-12
3.5412411421036606e-12
3.555606493965511e-12
3.5708669356736288e-12
3.5868735838328003e-12
3.603996193369323e-12
3.6219939156147803e-12
3.64121221459765e-12
3.66157190516648e-12
3.683120896080082e-12
3.706178281612023e-12
3.730575384167347e-12
3.756577975237529e-12
3.784255049581814e-12
3.813780658240156e-12
3.8452907093428e-12
3.8789105962803594e-12
3.914849251683773e-12
3.953290853271843e-12
3.9944508491861135e-12
4.038611244689472e-12
3.2775046446079985e-12
3.3188634086361564e-12
3.363371616558038e-12
3.4113015318705746e-12
3.4630504191730196e-12
3.5189572062287304e-12
3.5794175802362584e-12
3.644980862124774e-12
3.716126612491237e-12
3.793486570238713e-12
3.8777654628942075e-12
3.969741345907509e-12
4.070333105839715e-12
3.364888057259475e-12
3.4638038749790338e-12
3.5727751152526835e-12
3.693118356951805e-12
3.826361201002917e-12
3.9743204122576734e-12
4.139089207690425e-12
3.4927271369285836e-12
3.661951055793637e-12
3.852432336797311e-12
4.067555289643687e-12
3.494585563287123e-12
3.723232601516528e-12
3.98491728512335e-12
4.285808163797113e-12
3.771668762047523e-12
4.105370229418295e-12
3.669025003814277e-12
4.048979582055821e-12
4.4989188361871e-12
4.128433239830891e-12
3.830722623713384e-12
4.370521449323218e-12
4.146798263200372e-12
3.986356770172919e-12
4.692740587928247e-12
4.6301313551536375e-12
4.637833741071814e-12
4.719483691462566e-12
4.882421019838988e-12
5.138566667902892e-12
4.6261867947723464e-12
5.064040426310096e-12
4.7761968948077885e-12
5.456012941073986e-12
5.411572463806989e-12
5.5215094053214084e-12
5.802233289469339e-12
5.398066301581499e-12
6.0615338568725054e-12
6.086578053557211e-12
6.3779499763533974e-12
6.0888426996616776e-12
6.140532847944717e-12
6.559593893744841e-12
7.444024378639729e-12
7.07025362398311e-12
7.31470774120834e-12
8.28091563082641e-12
8.335819052029344e-12
8.561902912549276e-12
9.183174305071665e-12
1.054478455993362e-11
1.125872985848074e-11
1.193859349872814e-11
1.3502030496269995e-11
1.449175707171643e-11
1.6137627719733892e-11
1.8287817716048803e-11
2.188222153429189e-11
2.74261007832689e-11
3.528751277492861e-11
0.1575794754166195
0.1628845583430083
0.16848007592584785
0.17680004996210527
0.18291531948910733
0.18946243428405446
0.19652134444352196
0.2038071460147338
0.21120744651201512
0.21928767537346552
0.23382299260477812
0.24214758174420978
0.25066579365893227
0.25947376015450213
0.2685357544091368
0.27785706507643443
0.28720526980500444
0.29662074329901034
0.3061602277566633
0.31602125501698264
0.3259382092748646
0.335732829527268
0.3455087699448589
0.35527120098379894
0.36501837220538164
0.37474792500921483
0.38445631098687116
0.39413770507369805
0.4037805649033232
0.4133664140093439
0.4228805548008158
0.4323164672835043
0.44167133807353276
0.45094369553990526
0.4601329791530665
0.4692394253927703
0.47826386874036336
0.48720748235506545
0.4960715368051113
0.5048572159728792
0.5135654933146935
0.5221970566269128
0.5307522675874521
0.5392311449473698
0.5476333635225398
0.5559582636459587
0.5642048675373907
0.5723719001973135
0.5804578132099938
0.5884608103079929
0.5963788738912945
0.6042097918986291
0.6119511845704837
0.6196005307526151
0.6271551934592382
0.6346124444673383
0.6419694877703472
0.6492234817419871
0.6563715599005172
0.6634108502016347
0.6703384927886408
0.677151656185948
0.6838475519057945
0.6904234474886878
0.6968766779883836
0.7032046559371822
0.7094048798322071
0.7154749411904436
0.7214125302243867
0.7272154401925631
0.7328815704760602
0.7384089284403833
0.7437956301244633
0.7490398998069813
0.7541400684965777
0.759094571372431
0.7639019442176086
0.7685608188559043
0.7730699176143485
0.7774280468068069
0.7816340892225109
0.785686995589658
0.7895857749527275
0.7933294838729759
0.7969172143309498
0.8003480801539444
0.8036212017420242
0.8067356887828824
0.8096906205688259
0.8124850233942872
0.8151178443627111
0.8175879207201961
0.8198939435409746
0.8220344141858608
0.8240075913788892
0.8258114259168687
0.8274434788115319
0.8289008168620343
0.8301798769454083
0.8312762861750697
