3.629060747229061e-12
3.666112476950232e-12
3.705683160747852e-12
3.7481434715498064e-12
3.7936134132130826e-12
3.842479096696205e-12
3.895021996890689e-12
3.951587908675943e-12
4.01256939767718e-12
4.078444546035803e-12
3.341776053572329e-12
3.4054543542937603e-12
3.4746037666188694e-12
3.5498601565138345e-12
3.631930628812491e-12
3.721637398239949e-12
3.819831501089201e-12
3.927657402192461e-12
4.046257459291552e-12
4.1770890662154875e-12
3.5033835667298285e-12
3.6369735011586854e-12
3.785663314489007e-12
3.951704140605797e-12
4.1376475597415385e-12
4.346541396030084e-12
3.7423564658006665e-12
3.965988997478594e-12
4.220165290631825e-12
4.510085728674106e-12
3.983827076198207e-12
4.306347822801476e-12
4.6790759919182976e-12
4.234789346975285e-12
4.663128582997144e-12
4.302283837559447e-12
4.806599212601463e-12
4.527085534955054e-12
5.1359452397513144e-12
4.942798500469654e-12
4.817496476616622e-12
4.755378031854186e-12
5.585042228251423e-12
5.635773574439332e-12
5.758443031990513e-12
5.9567383816959905e-12
5.375615011159754e-12
5.713013293762979e-12
6.1429763641166385e-12
5.810244386707943e-12
6.409939053412425e-12
6.253487232526594e-12
7.074351657564995e-12
7.114565969312001e-12
7.273787320265274e-12
7.560115234747282e-12
7.079603763119051e-12
7.627115142736148e-12
7.445095727330062e-12
8.321184749238305e-12
8.476654458611918e-12
7.936956839308329e-12
8.4977448401511e-12
8.417758243943794e-12
9.494660233999776e-12
9.06022835450569e-12
9.860440385521515e-12
1.0131615862280243e-11
1.0835518535897026e-11
1.1097203912809642e-11
1.0999704410285747e-11
1.1537539854183136e-11
1.2828344452161171e-11
1.3126874367691398e-11
1.3533227037890653e-11
1.4239132418220505e-11
1.549701419701388e-11
1.6703895510782433e-11
1.7340094381517426e-11
1.893831848447501e-11
2.0418872902712187e-11
2.293216723448914e-11
2.5319220495858868e-11
2.8282215598826445e-11
3.319607232530935e-11
3.876282921109352e-11
4.747406806998476e-11
6.085784700649673e-11
8.685164219605333e-11
1.5047667534449894e-10
6.04877839334017e-10
0.0040479570925271505
0.0048211214995574885
0.005676283921251389
0.006687967896097849
0.007899546518560882
0.009289050954054696
0.010838775660211939
0.012584998992793504
0.014590642393169886
0.016915084003569714
0.019572553281524487
0.022543825111365334
0.02583888716773197
0.029498676563831663
0.03355299444886761
0.03798915469253044
0.04280419533096013
0.04804633009770146
0.05375830991147103
0.05990323095559429
0.06643569075445294
0.07337168379195388
0.0807488300137209
0.08859897310930655
0.09694409978881917
0.10579862266065457
0.11517175880565478
0.12506653574541837
0.13547613513034062
0.14638171044825418
0.15775424109037464
0.16955903587292634
0.18175980687265897
0.19432054165256146
0.20720526088218474
0.22037668137808294
0.23379522536597847
0.24741958241135562
0.2612086027868867
0.275123061845536
0.2891263514219696
0.3031843472718349
0.3172650729850518
0.3313384981752065
0.34537651286334164
0.3593530021907496
0.37324393868933436
0.3870274384214717
0.4006837588480279
0.4141952395118205
0.4275461994127652
0.44072280878673853
0.4537129507983232
0.4665060838869968
0.4790931105423122
0.4914662544989806
0.5036189462056941
0.5155457155314594
0.5272420907234722
0.5387045029740707
0.5499301963662109
0.5609171432683937
0.5716639653272786
0.5821698601894432
0.5924345339835286
0.6024581394479014
0.6122412194803882
0.6217846558075175
0.6310896224060596
0.6401575432985661
0.6489900543573142
0.6575889687585095
0.6659562457659393
0.6740939625640374
0.682004288877663
0.6896894641521751
0.6971517771006256
0.7043935474168144
0.7114171094986412
0.7182247980074636
0.724818935108047
0.7312018192311354
0.7373757151969202
0.7433428455495301
0.7491053829283549
0.7546654433300916
0.760025080092672
0.7651862784505542
0.7701509504972115
0.774920930419333
0.7794979698387964
0.783883733124098
0.7880797925186336
0.7920876229270392
0.7959085961953781
0.7995439746851113
0.8029949039270068
0.8062624040780675
0.8093473598563631
0.8122505085304892
0.8149724254230554
0.8175135062211064
0.8198739451456509
0.8220537077126161
0.8240524963471159
0.8258697065027863
0.8275043700433092
0.828955081494566
0.830219901207918
0.8312962274875586
