3.900449158693817e-12
3.909763083425726e-12
3.919310144109184e-12
3.929435164224476e-12
3.940159575050733e-12
3.951565017923052e-12
3.963528323123457e-12
3.976165674889639e-12
3.989518318377398e-12
4.003767182447181e-12
4.018797612765101e-12
3.230950859145926e-12
3.2446680448075428e-12
3.259087099294258e-12
3.2745298844812194e-12
3.290855594003942e-12
3.3081627398114676e-12
3.326694263154415e-12
3.346292120870963e-12
3.3671976812943674e-12
3.3893734337026e-12
3.4131417987339463e-12
3.4384537876749797e-12
3.4654617904423552e-12
3.4944161629793905e-12
3.525328010613278e-12
3.558451356119193e-12
3.5940622791223526e-12
3.6321234010791173e-12
3.673110607981267e-12
3.717187212328425e-12
3.764639563078433e-12
3.8158438761279725e-12
3.8712059556890535e-12
3.931080608986668e-12
3.995942948068161e-12
4.066343847511327e-12
3.330179232263407e-12
3.398302081824526e-12
3.4726679243484636e-12
3.554027388300115e-12
3.643211517651216e-12
3.741203825315196e-12
3.849155453980816e-12
3.9683960749897855e-12
4.10040697736357e-12
3.4282382588494473e-12
3.562446496723062e-12
3.71254788746445e-12
3.881004780079023e-12
4.070741393580262e-12
3.47315228762566e-12
3.674241880352125e-12
3.903820416572969e-12
4.1671029347996264e-12
3.64023131477041e-12
3.9318766947652155e-12
4.272129335964208e-12
3.8212274159277395e-12
4.214090066166107e-12
3.843946484012193e-12
4.312709428023819e-12
4.023514696507207e-12
4.603975571603351e-12
4.40640505384335e-12
4.282069855562643e-12
4.228761709330349e-12
4.2474418181128835e-12
4.342595013739841e-12
4.522880572192703e-12
4.8023025950146504e-12
5.2019772116012465e-12
4.883214168962458e-12
5.536114985721907e-12
5.485715019056075e-12
5.602426039396539e-12
5.902897439054744e-12
5.5533989025808765e-12
6.2727612779636015e-12
6.392921267719567e-12
6.810971789376607e-12
6.678656785769683e-12
6.93301927363969e-12
7.639069971687445e-12
7.981649431750638e-12
8.048981638797697e-12
8.873158663358389e-12
8.788815904163474e-12
9.819186915568514e-12
1.0418480273068461e-11
1.0950817626007745e-11
1.1932104604691157e-11
1.3183942788488588e-11
1.489188803968729e-11
1.6920332396723844e-11
1.931041053661917e-11
2.2451191669357944e-11
2.7880028965698e-11
3.6628293455042896e-11
5.284572061428545e-11
1.0115546868439171e-10
0.487607128538617
0.48976156543182914
0.49193806775846516
0.4941384543130393
0.49636897430831806
0.49863612712696176
0.5009457593440215
0.5033031667437944
0.5057133859037108
0.5081815455323434
0.5107133663176135
0.5133161990955959
0.516002852534481
0.5196910392776728
0.5235020200504625
0.5264118165205084
0.5294391792025426
0.5326990464597872
0.5362340724722393
0.53962520760601
0.5430413426041797
0.5467683246165499
0.5506282668515352
0.5543280836196381
0.5581130440369443
0.561974719705126
0.5658927246569643
0.5698438269519638
0.5738106471534642
0.5777857243792556
0.5817696275039298
0.5857667643808034
0.5897823384880808
0.5938209726466991
0.5978863020606461
0.601980965334324
0.6061067198330208
0.6102645763064185
0.6144549190645945
0.6186776045243936
0.6229320397216518
0.6272172445223965
0.6315319013222724
0.6358743953412579
0.6402428479768679
0.6446351450377263
0.6490489612259122
0.653481781870127
0.6579309226371768
0.6623935477336106
0.6668666869797943
0.6713472519830987
0.675832051602498
0.6803178067725001
0.6848011647559772
0.6892787128266095
0.6937469913727238
0.698202506387802
0.7026417413145202
0.7070611681895891
0.7114572580472672
0.7158264905378322
0.7201653627236768
0.7244703970237413
0.7287381482819096
0.7329652099554894
0.737148219411769
0.7412838623440197
0.7453688763265388
0.7494000535232365
0.7533742425816635
0.7572883497523689
0.7611393392566724
0.7649242329540757
0.768640109339589
0.772284101904945
0.7758533969014934
0.779345230526581
0.7827568855503109
0.7860856873973013
0.7893289996762611
0.792484219144421
0.7955487700705068
0.7985200979477844
0.8013956624766428
0.8041729297117423
0.8068493632304442
0.8094224141368995
0.811889509648315
0.8142480399567321
0.8164953429342753
0.8186286861415654
0.820645245410412
0.8225420790322285
0.8243160962461645
0.8259640182448398
0.8274823292469262
0.8288672142045971
0.8301144782973122
0.8312194412372679
