1.7058946937288042e-11
1.650781354724436e-11
1.546587621282594e-11
1.9643356824049202e-11
1.359114763942331e-11
1.671953251753012e-11
1.786008792396571e-11
1.5349241920913012e-11
1.6599448267590292e-11
1.5386144494493267e-11
1.8165903559065294e-11
1.709032660437841e-11
1.2027665146788032e-11
8.94036986464695e-12
1.4745716462644297e-11
6.358158906391315e-12
2.3094597140442533e-11
NaN
1.7173138132929032e-11
2.1340096275020236e-11
8.76390088382753e-12
1.7432681214695986e-11
1.7291848305326407e-11
7.745271368665996e-12
-5.045909854260987e-12
1.7940862982021067e-11
1.739546510546947e-11
1.7727559237718815e-11
1.7203225308836583e-11
1.7157433758979435e-11
1.6200271567721947e-11
-4.2454309503004335e-11
1.1543250744728259e-11
1.7381236407960484e-11
1.61407292099516e-11
2.0623681542796904e-11
1.2945168545322267e-11
1.6398901260705743e-11
-3.6346474421334577e-12
2.5131208009722516e-12
1.5583324008856496e-11
2.0565833325830584e-11
2.180374589982207e-11
3.5023083123730195e-11
3.404579398878044e-11
1.94155952105948e-11
3.1194875830884987e-11
4.205481545845771e-11
7.489191143054365e-12
1.5942666308554612e-12
1.809219594042924e-11
-1.878989455321453e-12
1.9926698572298038e-11
2.124311084867531e-11
1.9422314264885172e-11
1.9786564038352944e-11
2.0589577476612275e-11
2.0933680382799788e-11
2.0866035026725043e-11
2.1385584276822157e-11
2.262497174213877e-11
2.264870490946874e-11
2.3576267626704025e-11
2.351324273934286e-11
2.45294043820718e-11
2.4867940824628696e-11
2.5660900905731452e-11
2.713803965232441e-11
2.85945393535743e-11
2.936319269293713e-11
3.084455648824189e-11
3.257076949389149e-11
3.425259980462828e-11
3.673532956097344e-11
3.923013778440695e-11
4.230757633994997e-11
8.624130134948515e-11
4.7457112040848806e-11
5.2974498087766956e-11
5.908876350928517e-11
6.799887712802063e-11
7.841351704483447e-11
9.498503827199331e-11
1.2075012797412509e-10
0.022542145362240903
0.02406418267605321
0.025735248228873638
0.027585512770838715
0.029635353554869032
0.031886002684547145
0.03431576652375855
0.03689576792099142
0.03965531660156236
0.0429208181177399
0.0459749994893334
0.04900807874824112
0.052179222834733606
0.05561642631827715
0.05950699535602535
0.06345668644827833
0.0675428623839607
0.07186865121088344
0.07647079092122466
0.08136346522260735
0.0865548693823473
0.09205636566036451
0.09788620229868826
0.10406975861844582
0.11063482924474617
0.1175985685293328
0.12495558737183064
0.13269024342394428
0.1407873450298965
0.14921804883493223
0.15795734790162114
0.16700137329082895
0.1763515757951589
0.1860035982205246
0.1959499757556084
0.20618210711848042
0.21668908371308135
0.22745749817824162
0.23847151320043714
0.24971215389314175
0.2611571230576643
0.27278220506634526
0.28456332806795226
0.2964777254110268
0.3085039344544867
0.32062131158577684
0.3328095908567685
0.3450486265608632
0.3573182890858611
0.3695984725321135
0.38186920197678076
0.3941108370738395
0.40630434614138067
0.4184315950095595
0.4304755897641329
0.4424206377414901
0.4542524245742187
0.4659580254754936
0.47752587292670867
0.4889456981904472
0.5002084579160629
0.5113062526849661
0.5222322417753358
0.5329805570735834
0.5435462182558641
0.5539250507959984
0.5641136078898128
0.5741090969653971
0.5839093111122551
0.5935125655128183
0.6029176387699974
0.612123718900675
0.6211303537235857
0.6299374053294252
0.638545008341469
0.646953531687511
0.6551635436464931
0.6631757799490939
0.6709911147462978
0.6786105342881423
0.6860351131599828
0.6932659929319562
0.7003043630974144
0.7071514441493596
0.7138084726658368
0.7202766882382726
0.7265573221031094
0.7326515872948477
0.738560670164276
0.7442857230783659
0.7498278581290788
0.7551881416747338
0.7603675895411618
0.7653671627106231
0.7701877633408286
0.7748302309441281
0.779295338582111
0.7835837889130874
0.7876962099479924
0.7916331503519591
0.7953950741372855
0.798982354569388
0.8023952671053148
0.805633981153922
0.8086985504274029
0.8115889016000134
0.8143048209750341
0.8168459387384873
0.8192117103324672
0.8214013943043179
0.8234140258057625
0.825248384614498
0.8269029561067169
0.8283758829487146
0.8296649042596229
0.8307672774507595
0.8316796755942931
