3.89031068404056e-12
3.89952907308415e-12
3.90897852222498e-12
3.91904180921076e-12
3.92966213805505e-12
3.94095142273031e-12
3.95282076637688e-12
3.96534248327769e-12
3.97860987517447e-12
3.99272189416062e-12
4.00763693120762e-12
3.22186014817207e-12
3.23548037692385e-12
3.24978316356546e-12
3.26508249008138e-12
3.28128449303448e-12
3.29841150565485e-12
3.31680590122268e-12
3.33623811431207e-12
3.35694186528914e-12
3.37893870238474e-12
3.40250883886849e-12
3.42760043349611e-12
3.45440358165281e-12
3.48309293813685e-12
3.51375909417831e-12
3.54658200378151e-12
3.5818841018074e-12
3.61964767478487e-12
3.66026789062849e-12
3.7039722708412e-12
3.75100992785746e-12
3.80178064308638e-12
3.85666635387886e-12
3.91603786875301e-12
3.98034102979479e-12
4.05010924787275e-12
3.3165442558527e-12
3.38407999537361e-12
3.45779202415578e-12
3.53843630925396e-12
3.6268290081691e-12
3.72395860179951e-12
3.83096428296701e-12
3.94912523971341e-12
4.07994348827528e-12
3.41052431148989e-12
3.54349549958302e-12
3.6922056563162e-12
3.85908175319746e-12
4.04701211774686e-12
4.25950270562586e-12
3.65127399052986e-12
3.87858506873015e-12
4.13926698951114e-12
3.61487740351617e-12
3.90358283451813e-12
4.24030422387204e-12
3.79155818937859e-12
4.18022994393442e-12
3.81176107728786e-12
4.27538552627557e-12
3.98728365883192e-12
4.56112605935634e-12
4.36382184408938e-12
4.23912950668181e-12
4.18483823352287e-12
5.03035956760754e-12
5.12582334237103e-12
4.47111677630535e-12
4.7457032424522e-12
5.13890474006396e-12
4.82224643187817e-12
5.46519356165066e-12
5.4135255762255e-12
5.52676502522571e-12
5.82113011453014e-12
6.33213825589075e-12
6.18136693990188e-12
6.29731587493745e-12
6.70636863514021e-12
6.57315348161685e-12
6.82019843924726e-12
7.51078148545121e-12
7.8429732081873e-12
7.9038704884578e-12
8.70657845039357e-12
8.61628731483993e-12
9.61662253748565e-12
1.01913161870044e-11
1.06966670475258e-11
1.16349029712238e-11
1.28278714254325e-11
1.44502267871551e-11
1.63602824540924e-11
1.8581911914356e-11
2.23930056485177e-11
2.73085790318417e-11
3.59212685990345e-11
5.29317832348342e-11
1.01238166310029e-10
0.063296271866333
0.0676695300986132
0.0744160465631738
0.0818065365587889
0.0914553173122033
0.0993490964490351
0.107427264094891
0.115821707274179
0.124627247900711
0.133909511775917
0.143714562027796
0.154082281540329
0.165026169074733
0.176545573995458
0.188661207175648
0.201357950034981
0.214129786221002
0.22688558621563
0.239764685179011
0.252796661207714
0.26596371944752
0.279184971357477
0.292306245119373
0.305313661902134
0.318213123403822
0.330997931823876
0.343649269853458
0.356133955461023
0.36842084180373
0.380495861213024
0.392357469832039
0.404008908084697
0.415454450835289
0.426698041508591
0.437743149998428
0.44859338378538
0.459253127354768
0.469727648039979
0.480022787867884
0.490144589049565
0.500099010539009
0.509891740253594
0.5195280727611
0.52901283050925
0.538350316866818
0.547544294142709
0.556597981378575
0.565514067302679
0.574294734314273
0.58294168997285
0.591456203142921
0.599839142588097
0.60809101637924
0.6162120109465
0.624202028965386
0.632060725518794
0.63978754220215
0.647381738967395
0.654842423590879
0.662168578751963
0.669359086732477
0.676412751793309
0.683328320317262
0.690104498798571
0.696739969799687
0.703233405975488
0.709583482279426
0.715788886459009
0.721848327943294
0.727760545217441
0.733524311770524
0.73913844068867
0.744601787964897
0.749913254566155
0.755071787310727
0.760076378573297
0.764926064846366
0.769619924154166
0.774157072324109
0.778536658086689
0.782757856979075
0.786819863992792
0.79072188489187
0.794463126089569
0.798042782940206
0.801460026242795
0.804713986691376
0.80780373692015
0.810728270666969
0.813486478445544
0.816077118884794
0.818498784629209
0.820749861302898
0.822828477485391
0.824732442887622
0.826459170805483
0.828005579309228
0.829367963233128
0.830541825391218
0.831521649831799
