3.441059898058001e-12
3.449202645429147e-12
3.4581197664751167e-12
3.4678667402883354e-12
3.4775544156120926e-12
3.488202820780315e-12
3.4987818021758582e-12
3.510553181719202e-12
3.522425364731948e-12
3.5353018806023723e-12
3.5481084576406837e-12
3.5622748391426105e-12
3.5773262517379868e-12
3.5919616837714003e-12
3.608944197520303e-12
3.6259304022198275e-12
3.644079206919935e-12
3.662523950017914e-12
3.6823482305252496e-12
3.703376093732944e-12
3.725769775103465e-12
3.748879393522322e-12
3.773422196752177e-12
3.798923434749318e-12
3.826096392772837e-12
3.855011093928372e-12
3.8850929232848814e-12
3.917458782825297e-12
3.950924429858763e-12
3.986204819162446e-12
4.0241203160327715e-12
3.258651880399488e-12
3.2924942037032547e-12
3.328642555131845e-12
3.367099575562385e-12
3.407539667705347e-12
3.450062016724111e-12
3.4959860332673835e-12
3.5444346559031675e-12
3.595251165464156e-12
3.650014637130051e-12
3.707435453113694e-12
3.769293223403212e-12
3.834824367099855e-12
3.904731450352378e-12
3.979117952839853e-12
4.059488619218195e-12
3.3310805825164367e-12
3.4047174580348873e-12
3.483654311111456e-12
3.5687604210277273e-12
3.659021426701663e-12
3.7567856841139205e-12
3.862462678696702e-12
3.974581800654483e-12
4.0969992339251015e-12
3.4064838481521266e-12
3.522564453786027e-12
3.64803287009275e-12
3.783705562827898e-12
3.93213996807096e-12
4.093067856282878e-12
3.4470650014755946e-12
3.603804258415257e-12
3.774583827067892e-12
3.963126423057902e-12
4.169801764138084e-12
3.559631324337779e-12
3.7658667482816055e-12
3.994494758011383e-12
4.248670223965932e-12
3.676495307588283e-12
3.936437869845519e-12
4.227247722129087e-12
3.703182591538557e-12
4.007290887097111e-12
4.351904983859482e-12
3.8662719472209035e-12
4.2354492113506875e-12
3.803675315618322e-12
4.207306764364505e-12
3.824030839758359e-12
4.274073691340486e-12
3.935585363385762e-12
4.450743077116327e-12
4.157845473425263e-12
3.916892645428114e-12
4.519896644682081e-12
4.3297280687003436e-12
4.187692272763346e-12
4.092105338068299e-12
4.041141278095636e-12
4.864744470034406e-12
4.908235926642102e-12
4.1730838812729565e-12
4.326205067511156e-12
4.54715731658047e-12
4.8466825928741856e-12
4.401199667271938e-12
4.85012663637771e-12
4.580283469441599e-12
5.23510955202038e-12
5.163220895965983e-12
5.218410962723998e-12
5.4131380620862205e-12
5.7702576400427535e-12
5.421509964224295e-12
5.282694450497147e-12
6.204560669501808e-12
5.636781593928017e-12
6.198307523873151e-12
6.210271882631912e-12
6.571614911212602e-12
6.468290216922817e-12
6.820888424875298e-12
7.73669949819046e-12
7.499112277606361e-12
8.030015876775625e-12
8.580578147840905e-12
8.438162387385809e-12
9.631482337514894e-12
9.788612440959547e-12
1.116508778670746e-11
1.160096599868925e-11
1.2896690844976766e-11
1.4474235903253946e-11
1.5479625425340935e-11
1.817384829335764e-11
2.1501003152413334e-11
2.5534772945530005e-11
3.30336542916176e-11
4.559310294630446e-11
7.782278424496523e-11
2.6040909360017097e-10
0.41683706886718586
0.44229264950804853
0.46416111838322727
0.48353630358761446
0.5010551480423526
0.5171251781154943
0.5320246011304087
0.5459525690937778
0.5590568991901813
0.5714504776444218
0.5832215166081207
0.5944402583883672
0.6051635206476399
0.6154378738561564
0.6253019213978726
0.6347879730815189
0.6439232978465095
0.6527310778690398
0.6612311464978221
0.6694405668948923
0.6773740913911945
0.685044530220202
0.6924630505009153
0.6996394208701394
0.7065822133081942
0.7132989708891326
0.7197963481562979
0.7260802293101729
0.7321558282651164
0.7380277737903314
0.7437001822859349
0.7491767202711677
0.7544606582635014
0.7595549174437277
0.7644621102729858
0.7691845760555733
0.7737244123078151
0.7780835027040216
0.7822635422882516
0.7862660606121591
0.7900924434182302
0.7937439534946129
0.7972217513276402
0.8005269162050677
0.8036604684618568
0.8066233936048244
0.8094166691109106
0.812041294760473
0.8144983274296492
0.8167889213308747
0.8189143747418819
0.8208761842882344
0.8226761078302655
0.8243162369246321
0.8257990796485442
0.8271276542566983
0.8283055936121151
0.8293372595315834
0.830227865001671
0.8309836005297456
0.8316117585400569
0.8321208465118994
0.832520675283408
0.8328224034026364
0.8330385114474367
0.8331826719160387
0.8332694710969787
