1.3099345032748364e-6	0.00019869006549672516
1.1799410029498526e-6	0.00019882005899705016
2.369881505924704e-6	0.00020944446448563649
3.7498125093745317e-6	0.0001983835208239588
3.3898305084745763e-6	0.00022610869456527174
7.949602519874006e-6	0.00021368561760591218
8.999550022498875e-6	0.0002056671166441678
8.169591520423978e-6	0.00021826859697406808
1.2669366531673417e-5	0.00019459188050857912
2.287885605719714e-5	0.00021453373135539024
3.069846507674616e-6	0.00019823308508841662
8.799560021998901e-6	0.000217109530887092
0.0001659217039148043	0.0004821226521389531
6.780660966951653e-5	0.0003320459194559812
7.894605269736513e-5	0.00029741873514304017
0.0012593770311484426	0.000788134438067795
0.0016270786460676964	0.0013255771878370414
0.0017862306884655766	0.0014902875559034063
0.0020780260986950653	0.0019182253388954605
0.002573831308434579	0.002131196609869947
0.00951656417179141	0.0018036324250515648
0.011295305234738263	0.0027786794224102435
0.013387870606469676	0.0017474442224810571
0.016781080945952702	0.0016930929973377642
0.028862816859157044	0.00130453044162254
0.044719824008799564	0.0013165983742480865
0.06673303334833258	0.001055800506430576
0.09297102144892755	0.0007896212009183823
0.1247383530823459	0.0007280306862808193
0.15983029848507574	0.0005358013649664492
0.20147372631368432	0.0005090308906169859
0.24620464976751164	0.0004184797520794898
0.29522508874556275	0.00035439384122219633
0.34493997300134993	0.00031331977507027613
0.3927268436578171	0.0002491248295389718
0.4407764411779411	0.00022830024494215485
0.4849011749412529	0.00018798351944405764
0.5273217439128044	0.00016628896551577899
0.5659358932053398	0.0001357272659129681
0.6014942852857357	0.00011918368832214097
0.6336321883905804	0.0001001170255388199
0.6625383130843457	9.129948694175617e-5
0.6889371731413431	7.977627668948043e-5
0.7128933053347333	6.960010766740767e-5
0.7340758062096895	6.165053791465337e-5
0.7532745162741864	5.5716942008025505e-5
0.7704374581270936	5.053115454487817e-5
0.7854447177641118	4.5414053851727225e-5
0.7987121643917804	4.163030872795379e-5
0.8097991200439978	3.886028645304472e-5
0.8190594870256487	3.6348962426230763e-5
0.8262522073896305	3.4572189616467425e-5
0.8312357882105894	3.382306656136062e-5
