3.900453130650882e-12
3.909767699030419e-12
3.919314611305872e-12
3.929439867711834e-12
3.940164488699338e-12
3.951570333531998e-12
3.963533963213184e-12
3.9761715537917665e-12
3.989524535677312e-12
4.003774029763756e-12
4.018804637711918e-12
3.2309566407066964e-12
3.2446749642872758e-12
3.2590939336791807e-12
3.2745367805223612e-12
3.2908635687379944e-12
3.3081705472809397e-12
3.3267030119370665e-12
3.3463010395538388e-12
3.3672080849353385e-12
3.389387158500615e-12
3.4131534201559106e-12
3.4384655998963644e-12
3.4654746027237305e-12
3.494428907407024e-12
3.525342175557944e-12
3.558466847579446e-12
3.5940785054398547e-12
3.632142191958549e-12
3.673133946796979e-12
3.717209156567908e-12
3.7646627870717634e-12
3.815867419714601e-12
3.871232702715853e-12
3.931110142881885e-12
3.9959734353536504e-12
4.066378358815342e-12
3.3302136831600357e-12
3.398336273591553e-12
3.47270200577325e-12
3.5540713480524125e-12
3.643258030746832e-12
3.741257106941323e-12
3.849207656459155e-12
3.968450505789708e-12
4.100477767798576e-12
3.428296272200737e-12
3.5625159209588597e-12
3.712626386036903e-12
3.881089404701605e-12
4.070828513004607e-12
3.473233809902748e-12
3.674346026301508e-12
3.903937360734745e-12
4.167245285597129e-12
3.640351537328599e-12
3.932022248608103e-12
4.272310053948872e-12
3.821418470446813e-12
4.214291100267344e-12
3.844151964765756e-12
4.312966228434787e-12
4.023782785381025e-12
4.604288956247092e-12
4.4067400365674095e-12
4.282408703003982e-12
4.22913741280549e-12
4.2478609768044915e-12
4.343048018947742e-12
4.5233957462354985e-12
4.8028864798810865e-12
5.202646723354531e-12
4.883916984201282e-12
5.536964288649908e-12
5.486624546504469e-12
5.6034060218299575e-12
5.9039967239718085e-12
5.554533715932407e-12
6.274135527768692e-12
6.39443039098335e-12
6.81269842498275e-12
6.680467031981446e-12
6.935048572942349e-12
7.641478708206594e-12
7.984395087440056e-12
8.05199712373516e-12
8.876781730947767e-12
8.792776822375103e-12
9.824059352279217e-12
1.0424197402395716e-11
1.0957531821647546e-11
1.1940375316639844e-11
1.3194322355987585e-11
1.4905445624771825e-11
1.693841136650079e-11
1.9335208423141787e-11
2.2486916963870633e-11
2.793752784119832e-11
3.576001509241579e-11
5.3088483198858644e-11
1.012272927408922e-10
0.49180013678062096
0.4939916882311927
0.49620737240136525
0.4984549083137312
0.5007407240052985
0.5030702217439251
0.5054481907379135
0.5078791581161672
0.5103677159714516
0.5129189264863439
0.5155390559687162
0.5182377171399889
0.5210501251980859
0.5248390460471912
0.5287640455537288
0.5318075120870417
0.5351535507424214
0.5388456136312577
0.542200780181437
0.5456292578911978
0.5494271794362552
0.5533637669513388
0.5571143544641657
0.5609722995565676
0.56492102241822
0.5689266605203028
0.5729516791064774
0.576971902361278
0.5809820553284102
0.5849883265556302
0.5889998026777337
0.5930245934638316
0.5970689478282738
0.6011373777866492
0.6052329865268465
0.6093577724504696
0.613512866296858
0.6176987071734162
0.6219151719327345
0.6261616709275027
0.6304372199732796
0.6347404955375443
0.6390698780900004
0.6434234870519882
0.6477992097699857
0.6521947262119702
0.6566075305996878
0.6610349508099876
0.665474166175172
0.6699222240718529
0.6743760556019102
0.6788324905522696
0.6832882717305543
0.6877400687642181
0.6921844913562025
0.696618102013032
0.7010374281989823
0.7054389738924359
0.7098192304883729
0.7141746870027414
0.7185018395271332
0.7227971998996549
0.7270573035432947
0.7312787164520254
0.735458041296916
0.7395919226506369
0.7436770513131032
0.7477101677594415
0.7516880647116015
0.7556075888567729
0.7594656417438045
0.7632591798724412
0.7669852140189507
0.7706408078211664
0.7742230756499011
0.7777291797977124
0.7811563269995809
0.7845017642945397
0.787762774233491
0.7909366694168966
0.7940207863303457
0.7970124784337694
0.7999091084250091
0.8027080395752652
0.8054066259944912
0.8080022016405868
0.8104920678249855
0.8128734789016958
0.8151436257247007
0.8172996163407089
0.8193384532193136
0.8212570061027691
0.8230519792542207
0.824719871471627
0.8262569266405572
0.8276590717742798
0.828921838270859
0.8300402603463098
0.8310087419382999
0.8318208793171729
