3.878713726447958e-12
3.8869246714743664e-12
3.895389171876158e-12
3.903671324727327e-12
3.912820130340185e-12
3.923030002557997e-12
3.932669327416605e-12
3.943651830417113e-12
3.954632803713251e-12
3.966397223739763e-12
3.978748192175605e-12
3.991428564789884e-12
4.005235179904631e-12
3.218565511262163e-12
3.2307718991848663e-12
3.243210615255147e-12
3.2571743189800425e-12
3.2712278199728974e-12
3.2856906091904526e-12
3.3015348815397165e-12
3.3177467980611414e-12
3.3350008408816136e-12
3.3529543870511405e-12
3.372611882844989e-12
3.3928604394976315e-12
3.413945448491875e-12
3.436558445453675e-12
3.459981861879435e-12
3.484992229900372e-12
3.511204499912209e-12
3.539349746757062e-12
3.568202686985939e-12
3.599114268824207e-12
3.631824841343515e-12
3.666561346424957e-12
3.70262712929295e-12
3.7410289110991515e-12
3.781853663263362e-12
3.825527322925303e-12
3.87133842465384e-12
3.91985148294745e-12
3.971050824895376e-12
4.02530934416138e-12
3.278499057950837e-12
3.3286982550764587e-12
3.3820097695387508e-12
3.438584107661456e-12
3.498904515700559e-12
3.5623117407715997e-12
3.631192625427956e-12
3.704353294480791e-12
3.7823367292875045e-12
3.8656088997772246e-12
3.955512217606856e-12
4.051513502570326e-12
3.3441930674907993e-12
3.4341889583252624e-12
3.5303536760012164e-12
3.6346439426865523e-12
3.747001386836e-12
3.867908240190641e-12
3.9992815475694126e-12
4.141232374586861e-12
3.4671799623748443e-12
3.6041766165769214e-12
3.752491290100498e-12
3.9150755133789026e-12
4.092330838094043e-12
3.4682850399285586e-12
3.6429047211917255e-12
3.835134990942556e-12
4.046852883109211e-12
4.280812930352942e-12
3.6848596374174555e-12
3.921359919791849e-12
4.185285229224721e-12
3.644051350064789e-12
3.916571362602891e-12
4.223569766732864e-12
3.7251803245537816e-12
4.0497501286296114e-12
4.419441932150087e-12
3.957730384513911e-12
4.3592031993318025e-12
3.95053189177206e-12
4.395331782139756e-12
4.034794737118305e-12
4.540055714989301e-12
4.226817889804382e-12
3.9684939218477205e-12
4.5541617043833155e-12
4.346511800162925e-12
4.188059325359943e-12
4.0766543169253986e-12
4.829254252878298e-12
4.7954251414300126e-12
4.817459834251304e-12
4.898494718426876e-12
5.046345835320733e-12
4.415771244585617e-12
4.685860711972384e-12
5.047902891973932e-12
4.660820266267266e-12
5.1977349807952265e-12
5.002458804496562e-12
4.928652145003884e-12
4.978511505306449e-12
5.162271027095948e-12
5.5018235352582106e-12
6.036235738198692e-12
5.8939677734780916e-12
5.9830485111759124e-12
6.328414337063824e-12
6.099235655707487e-12
7.075955222726621e-12
6.6652130441285724e-12
6.71783889235797e-12
7.269663598711223e-12
7.559748858077456e-12
8.590883181465631e-12
8.689808841013317e-12
8.965790099728494e-12
9.65435874427014e-12
1.0176597573091342e-11
1.0972438257199325e-11
1.1755432777159721e-11
1.3419462130500322e-11
1.455218772147718e-11
1.6343813803410136e-11
1.9548295963362928e-11
2.3032686209181372e-11
2.823822280591365e-11
3.745961013510986e-11
5.632253049173387e-11
1.1457264534344037e-10
0.3744576923741953
0.4072466722281679
0.4340742324443871
0.4571539325327921
0.4776083117660915
0.4960963854126207
0.5130423407635809
0.5287371485082712
0.5433899423890132
0.5571565073289939
0.5701562104466624
0.5824826255180604
0.5942104985623559
0.6054004825354458
0.6161024547177877
0.6263579018616443
0.6362016737407423
0.6456632976223053
0.6547679805770453
0.6635373854173936
0.6719902395251427
0.6801428183638862
0.6880093336460186
0.6956022480075905
0.7029325323618438
0.7100098780383486
0.7168428729141406
0.7234391485795235
0.7298055040282868
0.7359480101532456
0.741872098458109
0.7475826366948615
0.7530839936418419
0.7583800948132382
0.7634744706078396
0.7683702981527768
0.7730704379301405
0.7775774661367745
0.7818937036403784
0.7860212423219899
0.7899619695681559
0.793717591665956
0.7972896568571771
0.8006795788537674
0.8038886616597016
0.8069181266208862
0.8097691427147808
0.8124428611910217
0.8149404557938597
0.8172631699110171
0.8194123721089754
0.8213896216029347
0.8231967452544244
0.8248359276534025
0.8263098156753521
0.8276216385377779
0.8287753437124314
0.8297757479504911
0.8306287009473505
0.831341256572751
0.8319218427621407
0.8323804156698051
0.8327285759085279
0.8329796139347323
0.833148436918719
0.833251309783616
