3.88752642345621e-12
3.895756538804308e-12
3.904246381713668e-12
3.912474970489114e-12
3.921675981236278e-12
3.931964859130653e-12
3.9416189834710554e-12
3.952605682065998e-12
3.963580013377936e-12
3.975404312755999e-12
3.987755292807158e-12
4.00044452476609e-12
4.014210288931715e-12
3.2258037652923957e-12
3.238292877810732e-12
3.250592289654394e-12
3.2645964772969425e-12
3.2786803811592936e-12
3.293399187481166e-12
3.3089754078667026e-12
3.325319313288404e-12
3.3425167761318714e-12
3.3606984811731176e-12
3.3804306620409656e-12
3.400481545623563e-12
3.4218928909513502e-12
3.444288831365962e-12
3.4682060476190506e-12
3.4930186482461768e-12
3.5190543194212715e-12
3.5473271864083732e-12
3.5768331258073525e-12
3.6076037829949295e-12
3.6398843805533806e-12
3.675079780251283e-12
3.710935862579911e-12
3.7499226881437785e-12
3.790198749469552e-12
3.834274667616492e-12
3.8801009016355894e-12
3.928861592486968e-12
3.98034935667898e-12
4.034912084891951e-12
3.2862369221659518e-12
3.33608168953274e-12
3.389641801423031e-12
3.446234610329426e-12
3.5065665743642593e-12
3.5707807981332714e-12
3.639324726724567e-12
3.713200413222176e-12
3.7906683783105104e-12
3.8749724225418185e-12
3.964497841281167e-12
4.0605718062670674e-12
3.351596784800901e-12
3.441800375356075e-12
3.538856958649271e-12
3.6433825095884975e-12
3.755850143514275e-12
3.877285618155623e-12
4.008371617294833e-12
4.151148660032067e-12
3.475357234790915e-12
3.612396403506222e-12
3.7618218181741606e-12
3.9242525445706484e-12
4.102368376536616e-12
3.4770202367679805e-12
3.651276638560063e-12
3.844169471530359e-12
4.056505224724838e-12
3.4798757686378024e-12
3.693531552039442e-12
3.931012888446859e-12
4.195568563795053e-12
3.652864527648881e-12
3.9253959982482224e-12
4.2331888583533636e-12
3.73432470134106e-12
4.058933133210135e-12
4.429806555970528e-12
3.9674931940217435e-12
4.3695697688937905e-12
3.959558978807367e-12
4.406450567635639e-12
4.044679478513622e-12
4.55062225790961e-12
4.237492697372751e-12
3.978137013318334e-12
4.565246481859125e-12
4.3577055252043914e-12
4.198430509511624e-12
4.086735432292967e-12
4.841593519525283e-12
4.8073403627455674e-12
4.829434569570899e-12
4.911257755720518e-12
5.059288324142152e-12
4.427023538128698e-12
4.69856895476617e-12
5.060964302425274e-12
4.6732298435288766e-12
5.211681842512703e-12
5.015340440688693e-12
4.942025609289032e-12
4.99235333415721e-12
5.176954567226588e-12
5.5174274016140034e-12
6.053293953289143e-12
5.91126961675428e-12
6.000761819476251e-12
6.3475675396661384e-12
6.117919036212496e-12
6.219256730423378e-12
6.687004503935837e-12
6.739780575537379e-12
7.293639016988078e-12
7.585715735583846e-12
7.723497938639808e-12
8.721835513477693e-12
9.000015841824601e-12
9.692477475455436e-12
1.0218489935760944e-11
1.1021501291201802e-11
1.1810468122561104e-11
1.3487662108007213e-11
1.46318015830939e-11
1.6443611004482848e-11
1.9681241850883165e-11
2.321431826346627e-11
2.850792476805317e-11
3.792271304199944e-11
5.634914111399226e-11
1.1468896070870529e-10
0.648749490208117
0.6533926442933234
0.6579956794655667
0.6625600083321799
0.6670867422365454
0.6715767205727445
0.676030535976323
0.6804485561169225
0.6848309426628603
0.6891776678848132
0.6934885292881698
0.6977631625849159
0.7020010532631971
0.7062015469709697
0.7103638588947288
0.7144870822764156
0.7185701961988893
0.7226120727437457
0.7266114836061592
0.7305671062439214
0.7344775296193273
0.7383412595912757
0.742156723996711
0.7459222774614388
0.7496362059722809
0.7532967312354362
0.7569020148505063
0.7604501623191009
0.7639392269065035
0.7673672133846501
0.77073208167327
0.7740317504047379
0.7772641004462444
0.7804269784080881
0.7835182001837632
0.7865355545762541
0.7894768070699244
0.7923397038342757
0.7951219760525771
0.7978213447022738
0.8004355259298979
0.8029622372059698
0.8053992044745486
0.807744170561817
0.809994905156137
0.8121492167346498
0.814204966875894
0.8161600874767172
0.8180126014759959
0.8197606477814431
0.8214025111951595
0.8229366582369614
0.8243617798659456
0.8256768421920132
0.8268811463379684
0.8279743986414355
0.8289567923440272
0.8298291017675781
0.8305927896660908
0.8312501278895026
0.8318043305956282
0.8322596978619065
0.8326217654898049
0.8328974538721616
0.8330952048013438
0.8332250898342703
