4.999750012499375e-7	0.00019950002499875008
1.3099345032748364e-6	0.00019869006549672516
2.3098845057747117e-6	0.00020115331895742872
1.2319384030798462e-5	0.0001990442523328379
4.269786510674467e-6	0.00020041405423874007
2.919854007299635e-6	0.0002039294610611935
3.319834008299585e-6	0.00019668016599170044
1.0249487525623719e-5	0.00020067734174266898
1.878906054697265e-5	0.00028190279682396933
9.929503524823759e-6	0.00022511581369572003
1.384930753462327e-5	0.00021358751557006985
2.2198890055497224e-5	0.00019870201084540366
1.9469026548672572e-5	0.00019717195958383896
2.2838858057097147e-5	0.00022777410166269267
2.8208589570521477e-5	0.0002557332750165043
6.48767561621919e-5	0.0002798211476602495
4.4897755112244394e-5	0.000497641220388869
0.00012118394080295989	0.00044498488500775035
0.00020277986100694973	0.000627941574961293
0.00029011549422528876	0.0008945051930528277
0.0002571971401429929	0.001087719464965673
0.0007238938053097343	0.0015438199239182306
0.001228908554572271	0.0021847939768158027
0.00211996400179991	0.00277622244487402
0.0055459327033648325	0.0028639735208856013
0.011669276536173192	0.001997732665308234
0.02172470376481176	0.0015310365327792556
0.03660934953252338	0.0012474346519798269
0.05894554272286385	0.0010917617441377737
0.08884865756712164	0.0008541136361340857
0.12900044997750112	0.0006434881994491134
0.17445398730063497	0.0005488395957258611
0.22701585920703965	0.000436944507545866
0.2842462776861157	0.0003747165927585347
0.3428648467576621	0.0002808210273388508
0.401255607219639	0.00022877122274204576
0.45654131293435335	0.00019355895462146912
0.5080686865656717	0.00015530340043873423
0.5558674966251688	0.00013099090653879514
0.5992115194240286	0.00010734455714990392
0.6380940752962353	9.405724148073627e-5
0.6727434228288586	7.964332027551238e-5
0.7037644917754112	7.063814678486693e-5
0.730737623118844	6.119277798511153e-5
0.7544082795860206	5.2648883346423624e-5
0.7747966601669917	4.835190654034885e-5
0.7920831258437079	4.2647552543437735e-5
0.8062721963901804	4.005788204961491e-5
0.8174604769761513	3.7175011823826514e-5
0.8258758862056897	3.465635016284954e-5
0.8312687465626719	3.353562603320947e-5
