3.428935796236834e-12
3.4364245354784855e-12
3.4446340925157587e-12
3.4537018096830796e-12
3.4628072759740733e-12
3.472592087450974e-12
3.4825043498419268e-12
3.4929382978190746e-12
3.5044143126634357e-12
3.5157686011491987e-12
3.5281870702201276e-12
3.541160931718519e-12
3.5550023876358344e-12
3.5687673656068617e-12
3.5843382932561123e-12
3.600149348949078e-12
3.6164689722192583e-12
3.6338621232718194e-12
3.652508551434915e-12
3.671419578005359e-12
3.691705561762295e-12
3.713597117231242e-12
3.736291866356756e-12
3.759983262307269e-12
3.785124651347195e-12
3.811595239820533e-12
3.839221831390819e-12
3.868794345494265e-12
3.9000945216337275e-12
3.932819576784534e-12
3.9672938995700054e-12
4.0035853348516775e-12
4.042587551681888e-12
3.274303830377122e-12
3.3091868303527113e-12
3.346192776282459e-12
3.38541327271723e-12
3.4268888841181136e-12
3.4708212845859666e-12
3.518031041626755e-12
3.567277410830515e-12
3.6203162594623213e-12
3.6766271719832725e-12
3.73577857330302e-12
3.799040608680712e-12
3.866503597794983e-12
3.9392052120078285e-12
4.015883003378673e-12
3.2933289354114294e-12
3.36437696778028e-12
3.4408110434040727e-12
3.5219530475296587e-12
3.6094050144758283e-12
3.703780443861005e-12
3.8045226297664424e-12
3.9129487471361225e-12
4.030156472642185e-12
3.3484055628791704e-12
3.4591311254997676e-12
3.5795621461593138e-12
3.709422693680568e-12
3.850859372616221e-12
4.0046973169715495e-12
4.172510527391165e-12
3.5179447596763505e-12
3.680370148247079e-12
3.859256985145728e-12
4.056225801917791e-12
3.45723087078208e-12
3.6523080712571494e-12
3.868646014071669e-12
4.1087450782836585e-12
3.5489136854756134e-12
3.792898490481882e-12
4.066790235787975e-12
3.5549135373209423e-12
3.839288830059821e-12
4.161018756375179e-12
3.687358111686415e-12
4.030811883795363e-12
4.424011664102512e-12
3.982903385994933e-12
4.414672473513627e-12
4.02247170097664e-12
4.507070127288189e-12
4.162385249653641e-12
3.874400787464866e-12
4.423114117506947e-12
4.181092892341409e-12
3.988350492134088e-12
4.653092940615781e-12
4.5185090871154945e-12
4.433621686943182e-12
4.3982224181745406e-12
4.4126936676556515e-12
4.480729546944924e-12
4.608359518091314e-12
4.802970125131447e-12
5.075399260083851e-12
4.5621482937816925e-12
4.9791696531544346e-12
4.6494416028633694e-12
5.257068003171024e-12
5.12008823437281e-12
5.10743997002504e-12
5.224625037742635e-12
5.488126120629871e-12
5.069877210638354e-12
5.656348035906363e-12
5.6007493554878425e-12
5.768526985388387e-12
6.190429262786161e-12
6.032299980860483e-12
6.1990653569529574e-12
6.738026402363374e-12
6.834981821236425e-12
7.440590403069429e-12
7.744452390726506e-12
7.846666704789325e-12
7.887568874206816e-12
8.919462082121237e-12
9.356899971247003e-12
9.470847330340208e-12
1.0545075075921046e-11
1.125971196859381e-11
1.2323438584707991e-11
1.2914800374892778e-11
1.4568151595942072e-11
1.693654298436426e-11
1.938577431682999e-11
2.2643293835388952e-11
2.8139717283925174e-11
3.793786650231327e-11
5.656949366130355e-11
1.1407389648177488e-10
0.43108126581074735
0.4548531186664964
0.47549205122007676
0.4939072740756133
0.510642694049164
0.5260528239317348
0.5403830176387135
0.5538107859772164
0.5664690151209005
0.5784599100908421
0.5898638174928301
0.6007450493467353
0.6111558642971874
0.6211392706068705
0.6307310499448064
0.6399612507371584
0.6488553112791295
0.6574349186803112
0.6657186756222916
0.6737226248604373
0.681460666774537
0.6889448953573667
0.6961858712170002
0.7031928453554187
0.7099739440498376
0.7165363227086138
0.7228862947333397
0.7290294400798505
0.7349706972079348
0.740714441325399
0.7462645512751049
0.7516244669467839
0.7567972387633175
0.7617855705229721
0.7665918566768987
0.7712182149647269
0.7756665152214312
0.7799384050769304
0.7840353332205384
0.7879585708705878
0.7917092320736319
0.7952882934693195
0.7986966141859739
0.8019349565727198
0.8050040085373388
0.8079044083391329
0.8106367727763918
0.8132017298152583
0.8155999568238856
0.8178322256906622
0.8198994562191038
0.8218027792788659
0.8235436112359891
0.8251237411495709
0.8265454320588759
0.8278115373261701
0.8289256323487415
0.829892160880841
0.8307165935200329
0.8314055933831288
0.8319671802702633
0.8324108792772337
0.832747832279693
0.8329908402649601
0.8331542902626073
0.8332539016176126
