3.837679185804549e-12
3.893977371611549e-12
3.9542967772431074e-12
4.0190329585320685e-12
4.088624321726887e-12
3.3531309706454656e-12
3.4192189409625427e-12
3.4904948211907238e-12
3.5675158081709136e-12
3.6508206356420885e-12
3.741032968521373e-12
3.838903767671677e-12
3.945274690489419e-12
4.0610664701532186e-12
4.187318897407471e-12
3.5008556402916485e-12
3.6254920072826157e-12
3.7622930687531925e-12
3.912756005983655e-12
4.0785778798897095e-12
4.261751939553508e-12
3.6312970241051323e-12
3.8180950647135204e-12
4.026140667584067e-12
4.258473088528214e-12
3.691348375753942e-12
3.934697904029863e-12
4.209057043922099e-12
4.5193226849487275e-12
4.0007543492228945e-12
4.3359527404888215e-12
3.888097648592595e-12
4.256930670641993e-12
4.682155153267431e-12
4.284593630512455e-12
4.766014685021523e-12
4.428511523571401e-12
4.1520309317808035e-12
4.7074795961300006e-12
4.486986106541107e-12
5.152956336982929e-12
4.996405408893492e-12
4.892581717869217e-12
4.839018135002472e-12
4.834672595309586e-12
4.879987407382478e-12
4.976916421037846e-12
5.129090655642203e-12
5.342041215885712e-12
5.623584811604988e-12
5.126407347046817e-12
5.527751498564761e-12
6.027145057902483e-12
5.732876876277432e-12
5.5417678983029765e-12
6.2831505490551516e-12
6.262946344030563e-12
6.3497394924581784e-12
6.550269278070156e-12
6.8778691797624536e-12
6.452114014046488e-12
7.045851190224186e-12
6.916273545887188e-12
6.959989148725473e-12
7.185216556233227e-12
7.615225369026826e-12
7.39275018527745e-12
8.301192867704008e-12
8.602263005482867e-12
8.307724274168128e-12
8.374933676837877e-12
8.825529508413415e-12
9.737092398583515e-12
9.341989813676087e-12
1.0442672602844005e-11
1.0396774454884112e-11
1.1147792305594922e-11
1.1919197465507476e-11
1.1942055509782721e-11
1.3302146875012642e-11
1.3469111623256636e-11
1.4687828942387604e-11
1.5563869184099863e-11
1.6754383293257713e-11
1.823391721472464e-11
2.0382389466839852e-11
2.2311577062615993e-11
2.5207682371282793e-11
2.940491134123077e-11
3.4433936658397926e-11
4.217034687628e-11
5.406017596543462e-11
7.790578673134543e-11
0.044809825775046816
0.04925276896288411
0.052058638663149165
0.05502287469876129
0.058250402656856284
0.06349964641349026
0.06745359661925558
0.0715235512776732
0.07578944397992327
0.08035574154572693
0.08529986866117067
0.0906518897912794
0.09637843115435529
0.10246880306810899
0.10895620052932581
0.11567508038569665
0.12276816868169559
0.1304164189411501
0.1381344209928754
0.14605323616183044
0.15435591677056326
0.1632006204687977
0.17252887648983675
0.1820519844566315
0.19169527373692463
0.2015061956238384
0.21152437061993692
0.2217639891116058
0.2322198570999347
0.2428770743795711
0.25371969321875515
0.2647339048279754
0.2759060434346765
0.28721993595910655
0.298656913420257
0.3101978399875652
0.3218246394608956
0.33352045853273465
0.3452691939410057
0.35705503932928623
0.3688622245456119
0.3806749144434971
0.39247721935144936
0.40425329505896107
0.4159875188327567
0.4276647146494267
0.43927038360749904
0.4507908947194672
0.4622136099920167
0.47352694204612433
0.4847203583156169
0.4957843499176659
0.506710380234854
0.517490823321943
0.5281188982409695
0.5385886028299878
0.5488946489479063
0.5590324004247361
0.5689978144422801
0.5787873867617744
0.5883981009775422
0.5978273818107247
0.6070730523220355
0.6161332948608742
0.6250066154938744
0.6336918116585246
0.6421879427563816
0.6504943034336166
0.6586103992906887
0.6665359247955717
0.6742707431908184
0.6818148682007706
0.6891684473739076
0.6963317468960779
0.7033051377342304
0.7100890829761687
0.7166841262416205
0.7230908810425304
0.7293100209885532
0.7353422707155193
0.7411883974461433
0.7468492030768391
0.7523255166904533
0.7576181874116305
0.7627280775077391
0.7676560556481421
0.7724029902406864
0.7769697427482514
0.7813571608996048
0.7855660716891237
0.7895972740608258
0.7934515311379818
0.7971295618586954
0.8006320318259711
0.8039595431615518
0.8071126230891635
0.810091710911938
0.8128971429667484
0.8155291350140357
0.8179877613700625
0.8202729298637925
0.8223843513901211
0.8243215023954088
0.8260835780005357
0.8276694325955989
0.8290775035105228
0.8303057116853917
0.8313513310079262
