3.887532733675914e-12
3.895760082680302e-12
3.90426778222089e-12
3.912484441226596e-12
3.921695268158832e-12
3.931971513715271e-12
3.941623958028825e-12
3.952615238171591e-12
3.96358461507849e-12
3.975415456621994e-12
3.987773852780455e-12
4.000468236360447e-12
4.014239945112545e-12
3.225816770956454e-12
3.238300359802255e-12
3.2505979415806366e-12
3.264605073865417e-12
3.278688260133059e-12
3.293408684163582e-12
3.3089993685921026e-12
3.325350685904373e-12
3.342530256528867e-12
3.3607314420492744e-12
3.380436846519687e-12
3.4004943162042205e-12
3.421934786611521e-12
3.4443108092436726e-12
3.468229123320851e-12
3.4930291284793378e-12
3.519083746358473e-12
3.5473457646587364e-12
3.5768444420049566e-12
3.607630891327821e-12
3.6399356438735755e-12
3.675087812777178e-12
3.710963493521918e-12
3.749963549178259e-12
3.79026135902947e-12
3.834287261240412e-12
3.8801247642008055e-12
3.928904378079133e-12
3.980464106397781e-12
4.03498755949708e-12
3.2862778532952545e-12
3.336105226100529e-12
3.3896661497232885e-12
3.4463435607944716e-12
3.5066161652726715e-12
3.5713236912241326e-12
3.6393391261200216e-12
3.713216285933476e-12
3.790703734008042e-12
3.875021224977118e-12
3.9645555041929e-12
4.060619704312177e-12
3.351647819360261e-12
3.4419198945833732e-12
3.5391655154262625e-12
3.643426784203063e-12
3.7558798306964155e-12
3.877386913072092e-12
4.008503055491599e-12
4.151289691191003e-12
3.475564710179106e-12
3.612657558414367e-12
3.76205956899794e-12
3.924314286542127e-12
4.102471297952717e-12
3.4770647013145003e-12
3.6515425110126516e-12
3.844320181837413e-12
4.0566071035698946e-12
3.48004015698344e-12
3.693784336399754e-12
3.93119584416424e-12
4.19568240539589e-12
3.6529403763736766e-12
3.9257328556471274e-12
4.233573679189341e-12
3.734551098829498e-12
4.059483092120424e-12
4.4299403797839335e-12
3.967545818744208e-12
4.3698157718295836e-12
3.959769088683808e-12
4.406611715473858e-12
4.044710439635621e-12
4.551037781226351e-12
4.237819023762402e-12
3.9784316380140235e-12
4.565459536459375e-12
4.357856842465355e-12
4.198885350848153e-12
4.0871050635775065e-12
4.841692018939173e-12
4.808165852479334e-12
4.829752235988177e-12
4.911341802839943e-12
5.05967148552312e-12
4.427511007112302e-12
4.698995357824728e-12
5.061847428083573e-12
4.6737569303493454e-12
5.212055115206985e-12
5.015772079570563e-12
4.942394061880279e-12
4.992734768864222e-12
5.177379163750147e-12
5.51809436157857e-12
6.054611810341811e-12
5.911969712232263e-12
6.002852990371219e-12
6.349271790966904e-12
6.1186312788500545e-12
6.22012216897262e-12
6.688540811154537e-12
6.741611241553431e-12
7.295944223539258e-12
7.587991617450978e-12
7.726668877646339e-12
8.725772291345328e-12
9.00376896681644e-12
9.697532283790166e-12
1.022395979638589e-11
1.1027264175678144e-11
1.1818116550673672e-11
1.3497661225944868e-11
1.4644739949689408e-11
1.645949157179177e-11
1.9704102246920874e-11
2.3248893942829394e-11
2.8562108996444873e-11
3.801829641529222e-11
5.656949366130355e-11
1.1465464754044835e-10
0.6596147980283755
0.6641293289712873
0.6686052927916336
0.6730434856365959
0.677444471124828
0.6818086014452687
0.6861360357548222
0.6904267563188652
0.6946805827492673
0.6988971846329712
0.7030760927892241
0.7072167093692161
0.711318316944288
0.7153800867404599
0.7194010861236706
0.7233802854314064
0.7273165642460322
0.7312087171590389
0.7350554590973217
0.7388554302595984
0.7426072006942003
0.7463092745672899
0.749960094140913
0.7535580434983957
0.7571014520306582
0.7605885977186075
0.7640177102230842
0.7673869738153534
0.770694530167366
0.7739384810325148
0.7771168908496312
0.7802277893071646
0.7832691739189621
0.7862390126630869
0.7891352467551896
0.7919557936433136
0.7946985503240919
0.7973613971063296
0.7999422019771888
0.8024388257506001
0.8048491282238469
0.8071709756045637
0.8094022495260356
0.8115408580242862
0.8135847489197375
0.8155319261181602
0.8173804694295155
0.8191285585915761
0.8207745022766235
0.8223167729505536
0.8237540485358916
0.8250852618904388
0.8263096591378936
0.8274268678451777
0.8284369759005388
0.8293406216523671
0.8301390953541696
0.8308344511087118
0.8314296272137446
0.8319285708534239
0.8323363602548199
0.8326593134001175
0.8329050667610634
0.8330825998132211
0.8332021707237411
0.8332751149582036
