5.56214370373336e-12
5.7160967199079525e-12
5.010473768172311e-12
5.165121168280825e-12
5.3324070274824734e-12
5.513189672359639e-12
5.702364956889668e-12
5.050173958528933e-12
5.2451984735651836e-12
5.460004835577757e-12
5.68546697241041e-12
5.931923474771417e-12
5.3102186691015164e-12
5.564677763562876e-12
5.84674497871825e-12
5.281931022707538e-12
5.565996526460699e-12
5.8901680576716755e-12
5.369520484191325e-12
5.703679926697419e-12
6.0816093987009565e-12
5.60595788793137e-12
6.011969775383506e-12
5.579169397062739e-12
6.0200244914432215e-12
6.518584868468973e-12
6.1368460609323455e-12
5.81006719344639e-12
6.364254812989765e-12
6.085626974726321e-12
6.7151482311479604e-12
6.491151407754533e-12
6.3118805043036045e-12
7.059364535564577e-12
6.939962107068826e-12
6.879313875856394e-12
6.866502071975528e-12
6.907253117044676e-12
6.9897132403614475e-12
7.1351366532817885e-12
7.347418152699837e-12
7.609969513512338e-12
7.9588928524637e-12
7.455130006209129e-12
7.939220011336325e-12
7.614033925383028e-12
8.26343205156027e-12
8.10973811203306e-12
8.061948592180799e-12
8.12135259449082e-12
8.298170344600246e-12
8.586232635590581e-12
9.016897201175776e-12
9.599734595239546e-12
9.420305563792158e-12
9.418463180763569e-12
9.602182312758735e-12
9.992636686308798e-12
1.0608553758929195e-11
1.0541789315801506e-11
1.0748678537227989e-11
1.1248783734317419e-11
1.1159410446321876e-11
1.1444348813707891e-11
1.213490546402574e-11
1.2359883413170137e-11
1.3108958092476413e-11
1.3510675875671773e-11
1.365506126837294e-11
1.4571860397694097e-11
1.5453755988278688e-11
1.5497583428423547e-11
1.6773297945876514e-11
1.7627760650087138e-11
1.834137654131755e-11
1.9292044275557194e-11
2.098047016830822e-11
2.2141839895763245e-11
2.3688845274830765e-11
2.592921090505407e-11
2.7823192827259277e-11
3.118061289987103e-11
3.4664137021309404e-11
3.993151076195443e-11
4.712750951179568e-11
5.826285892034287e-11
7.945546060101043e-11
1.3826253882210028e-10
3.322516603480715e-10
0.003993143153445383
0.004853324233706979
0.005808257786026127
0.006919828242687366
0.008195343749570387
0.009619268903353639
0.01120525378232393
0.012992496275045614
0.015025247536801328
0.017334113361094482
0.01992857903609028
0.022816073612058112
0.026018705811628115
0.029562865377640093
0.03345924077064668
0.037710923990408415
0.04234246125115596
0.047388258358102814
0.052838223228304795
0.05865189690814293
0.06482457878849122
0.07138146302716361
0.07835255323921167
0.08576404654173603
0.0936378622495018
0.10199249188961244
0.11084232767356895
0.12019520211187748
0.1300496868774253
0.14039403558598065
0.15120756391795667
0.1624637118447859
0.17413320790502465
0.18618603976297626
0.19859177193912284
0.21131858787248498
0.22433215456042252
0.23759559820606463
0.2510708906707209
0.26472055850715065
0.27850859682682866
0.2924005373698151
0.30636321576326525
0.32036463592427944
0.33437402935084276
0.34836205059818814
0.36230101696391387
0.3761651190170738
0.38993056084796257
0.4035756193406185
0.4170806330966887
0.43042794178266475
0.4436017973053465
0.45658826324185076
0.469375112258852
0.481951725455639
0.494308993865312
0.5064392208376023
0.5183360240814637
0.5299942369413638
0.5414098094092831
0.5525797099356445
0.5635018293140631
0.5741748877760707
0.5845983461495168
0.5947723215810136
0.6046975080659236
0.6143751018153479
0.6238067313839522
0.6329943924670761
0.641940387231927
0.6506472681207173
0.6591177860480506
0.6673548429628471
0.6753614487145008
0.6831406821809504
0.6906956565777538
0.6980294888228378
0.705145272824558
0.7120460564858974
0.7187348222123559
0.7252144706653915
0.7314878074727006
0.7375575325983861
0.7434262320650994
0.7490963716966514
0.7545702925767138
0.7598502079029064
0.7649382009388591
0.7698362237740093
0.7745460966245636
0.7790695074138008
0.7834080113951437
0.7875630305936787
0.7915358528434806
0.7953276302156141
0.7989393766173644
0.8023719643468293
0.8056261193571101
0.808702414968961
0.8116012637108657
0.8143229080967462
0.8168674016937836
0.8192346044520388
0.8214241506638053
0.8234354294843098
0.8252675521920215
0.8269193126174512
0.8283891371548874
0.8296750209278736
0.8307744451863945
0.8316842687604443
