3.4535711653548617e-12
3.462869999824397e-12
3.4726389024016783e-12
3.483052191730975e-12
3.4941577827976305e-12
3.5056667001066446e-12
3.5178246079645916e-12
3.530758857870404e-12
3.544469785674735e-12
3.5588246721294513e-12
3.574145587433066e-12
3.590247040794394e-12
3.607361321705816e-12
3.62549860174096e-12
3.644628978925421e-12
3.665083205819578e-12
3.6866561824175186e-12
3.709596000624752e-12
3.733970806797418e-12
3.75988149146045e-12
3.78746220973416e-12
3.816813208942712e-12
3.84809425652909e-12
3.8814329899805184e-12
3.91703727047315e-12
3.955062799160056e-12
3.99568917092553e-12
4.039214210927719e-12
3.2772257229657845e-12
3.3177954582851602e-12
3.361407866341038e-12
3.408299950949267e-12
3.458741975248262e-12
3.513129004611875e-12
3.571828072888132e-12
3.6352618617527888e-12
3.7039022104040334e-12
3.778323655665127e-12
3.859129176492038e-12
3.947003328790569e-12
4.042752782952434e-12
3.337120987547465e-12
3.430437232965817e-12
3.5327525864478563e-12
3.645217160583303e-12
3.769101188582497e-12
3.905919423328348e-12
4.057401342637542e-12
3.4115648668698603e-12
3.5649520692287888e-12
3.73638709795955e-12
3.9285850966869295e-12
4.144788103938405e-12
3.556375769531162e-12
3.783852945660934e-12
4.0429345723580205e-12
3.5262660398172304e-12
3.806936676580221e-12
4.131258873074337e-12
3.67615462562023e-12
4.039913129798648e-12
4.467523100067271e-12
4.0725648657616674e-12
3.750338751089096e-12
4.248783763554007e-12
3.993235988473742e-12
4.606302100076903e-12
4.428654862839688e-12
4.314729765893084e-12
4.262863010187251e-12
4.273902563119838e-12
4.35139923115127e-12
4.5022561743744286e-12
4.7374794484689454e-12
5.073520054415291e-12
4.660393551747555e-12
5.196367142679765e-12
5.00694065320351e-12
4.9563256559981694e-12
5.0463730971120506e-12
5.291399418452336e-12
5.7213931126243775e-12
5.499748528726989e-12
5.506685821251759e-12
5.75400830296094e-12
6.287278161179011e-12
6.293885094119094e-12
6.673118471072783e-12
6.626239088706459e-12
7.07358760609179e-12
7.2508842209413025e-12
8.130910312084791e-12
8.095280244638728e-12
9.09307314597637e-12
9.573010681965035e-12
9.84265255294284e-12
1.1240560151206666e-11
1.1610768313543693e-11
1.2741325963625633e-11
1.4071756115848387e-11
1.575823515545517e-11
1.8337840358163223e-11
2.217334121479211e-11
2.6869547510609613e-11
3.4630320778888036e-11
5.037099483795166e-11
0.18374015496423984
0.19057574832315222
0.19782703835501395
0.2055352681045817
0.21685664778978575
0.22520001198057035
0.23398628863907353
0.24518842475159827
0.2545086901788789
0.2641546736677324
0.27394098400171163
0.2838625373759555
0.29386942101182684
0.3040551495165677
0.31454919482925814
0.3247443813731898
0.334901028887598
0.34502987546834385
0.3551300665642549
0.36519929556000236
0.3752320203964725
0.3852203652904953
0.3951534789399257
0.40500918253729207
0.4147676412803362
0.42442376525113157
0.433977570517497
0.44342979281619355
0.4527816756729413
0.46203513468792917
0.4711926633871983
0.4802570661759717
0.4892311753827902
0.49811763447624746
0.5069187596600716
0.515636463300617
0.5242722192164474
0.5328270545267285
0.541301557894915
0.5496958977706843
0.5580098466682301
0.5662428089794387
0.5743938507577242
0.5824617304302513
0.5904449297591459
0.5983416845598957
0.6061500148411231
0.6138677540985964
0.6214925775616694
0.6290220292419724
0.636453547639296
0.6437844900141892
0.6510121551444293
0.6581338044958392
0.6651466817697287
0.6720480308040331
0.6788351118156395
0.6855052159844041
0.6920556784080605
0.6984838894487614
0.7047873045135598
0.7109634523137894
0.7170099416542365
0.7229244668020562
0.7287048114970074
0.734348851646644
0.7398545567620711
0.7452199901852832
0.7504433081439487
0.7555227576738791
0.7604566734458897
0.7652434735083581
0.769881653971201
0.7743697826273633
0.7787064914990933
0.782890468286585
0.7869204466641215
0.7907951953518357
0.794513505852302
0.7980741787090133
0.8014760080861466
0.8047177644128527
0.8077981747466995
0.8107159004180298
0.8134695113612488
0.8160574563651691
0.8184780282010806
0.8207293222308213
0.8228091865748643
0.8247151611762567
0.8264444020080663
0.8279935850611361
0.8293587823270071
0.8305352982926292
0.8315174497129059
