0.8332790760461977
0.833214019299035
0.8329765911704414
0.8323955402229887
0.8313336733163341
0.8296772361381931
0.8269362231888405
0.822972451377431
0.8176408479576022
0.8105821608919553
0.8017648217589121
0.7909372531373431
0.7781904204789761
0.7633454627268637
0.7465129243537822
0.7275892505374733
0.7066204989750512
0.6835768711564423
0.6586393980300984
0.631249617519124
0.6018097095145243
0.5695219939003049
0.5337195240237989
0.493293215339233
0.4448028498575071
0.3793673016349183
0.32257300134993255
0.00028476576171191444
0.00020003999800010001
0.0001379031048447578
0.00010142492875356236
7.236638168091595e-5
6.379681015949203e-5
4.598770061496926e-5
4.659767011649417e-5
2.7408629568521575e-5
2.7778611069446533e-5
2.2788860556972154e-5
1.3679316034198293e-5
4.6797660116994156e-6
1.3999300034998253e-6
9.499525023748814e-7
0.0
0.0
0.0
0.0
0.0
0.0
0.0
0.0
0.0
0.0
