3.887916039569709e-12
3.917040207027541e-12
3.94644955758435e-12
3.975924930517788e-12
4.008572628653614e-12
3.242165437148238e-12
3.2711098414805103e-12
3.300746545271203e-12
3.334139731111042e-12
3.369948141527207e-12
3.4064097944884226e-12
3.444380922689418e-12
3.4864079309829952e-12
3.529706994824356e-12
3.57798364085445e-12
3.6259902061566274e-12
3.678889821226577e-12
3.7333325996804765e-12
3.792251185918748e-12
3.855055940024284e-12
3.922652503868211e-12
3.994230106316181e-12
4.070128953906839e-12
3.3358451122318442e-12
3.4061140813368177e-12
3.4808583025757483e-12
3.5604798578429817e-12
3.648079976471508e-12
3.739710625476979e-12
3.838750557470816e-12
3.9478428116951224e-12
4.062217037359076e-12
3.3704183907967586e-12
3.4800888231136975e-12
3.598975898932674e-12
3.726236658701373e-12
3.865265991338459e-12
4.016305501285853e-12
4.178733575013635e-12
3.519160082665052e-12
3.678548047563431e-12
3.851788047425264e-12
4.0446310911617805e-12
3.4404669349866558e-12
3.631449976957425e-12
3.841381434439362e-12
4.0725413224964065e-12
3.5127543462084513e-12
3.747825273027996e-12
4.009482224680843e-12
4.307089033709079e-12
3.771181018190874e-12
4.080788656098812e-12
3.6059689854905437e-12
3.934246377760939e-12
4.30757004094493e-12
3.8670410796851565e-12
4.276375649272338e-12
3.885165851506973e-12
4.3407515103902065e-12
3.9958169794661344e-12
4.515766259674033e-12
4.217194913318212e-12
3.970263948636344e-12
4.579928178334114e-12
4.385895728735166e-12
4.240266580345613e-12
4.138524423282458e-12
4.0849284288028525e-12
4.076228790645587e-12
4.116118680559119e-12
4.2098402553963275e-12
4.358816946191003e-12
4.5764553175125746e-12
4.874335803195371e-12
4.4214338345984486e-12
4.867473452342604e-12
4.591810933982755e-12
5.242747336241154e-12
5.164031325894536e-12
5.210990855896588e-12
5.397879315170802e-12
5.745997764711935e-12
5.386734074800963e-12
5.238548780402993e-12
6.141279463056026e-12
5.56574013536391e-12
6.106128131193413e-12
6.1021245013544465e-12
6.438724895858165e-12
6.316815182122964e-12
6.636780533909817e-12
7.501211675685984e-12
7.236079333773365e-12
7.71349637110337e-12
8.196361268025842e-12
8.872424167433391e-12
9.079007356429633e-12
1.0026391289611246e-11
1.034041020604558e-11
1.1501471353788928e-11
1.2535150260265104e-11
1.3746986891973424e-11
1.517971997116842e-11
1.8041138893726454e-11
2.1076268043207173e-11
2.487381136858378e-11
3.19928701565248e-11
4.413043824652166e-11
7.281882370758933e-11
0.6519312645080562
0.6562789108327814
0.6606052795232052
0.6649100640073555
0.6691928059148037
0.673452905256766
0.6776896296787932
0.6819021229354516
0.6860894127354034
0.6902504180539877
0.6943839560245741
0.6984887484696087
0.7025634281618647
0.7066065448507811
0.7106165711210022
0.714591908111063
0.7185308911368273
0.7224317952413122
0.7262928406990902
0.7301121984913566
0.7338879957760609
0.7376183213544022
0.7413012311568967
0.7449347537502367
0.7485168958757199
0.7520456480254492
0.755518990062608
0.7589348968926719
0.7622913441897542
0.7655863141928897
0.7688178015715825
0.7719838193837474
0.7750824051298006
0.7781116269291448
0.7810695898359272
0.7839544423182584
0.7867643829351302
0.7894976672414747
0.7921526149622804
0.794727617479168
0.7972211456784797
0.7996317582105872
0.801958110218091
0.8041989625863856
0.806353191772704
0.8084198002652043
0.8103979277170934
0.8122868627898788
0.8140860557238275
0.8157951316316072
0.8174139044819799
0.8189423917029178
0.8203808292877329
0.8217296872310086
0.8229896850557502
0.8241618071153943
0.8252473172706618
0.826247772445195
0.8271650344660624
0.8280012794975555
0.8287590042807287
0.8294410283101783
0.8300504910261998
0.8305908430762491
0.8310658307282901
0.8314794726185053
0.8318360281784738
0.8321399573659087
0.8323958716800528
0.8326084769207226
0.832782508703692
0.8329226623823915
0.8330335196738955
0.8331194749178661
0.8331846644047624
0.8332329025292925
0.8332676285577849
0.833291867475494
0.8333082076489003
0.8333187969177319
0.8333253572826468
0.8333292167227051
0.8333313550651407
0.8333324594822696
0.8333329843489312
0.8333332100469142
0.8333332959293076
0.8333333239841976
0.8333333315219611
0.8333333330859138
0.8333333333130365
