3.863876772492123e-12
3.9223747880110004e-12
3.984530924786676e-12
4.050611080358668e-12
3.3111167476660346e-12
3.3719968166594126e-12
3.4369099060734917e-12
3.5061423163058022e-12
3.580054911582235e-12
3.659065298978203e-12
3.743546742954387e-12
3.834020019602837e-12
3.930989741357455e-12
4.0350030579871476e-12
3.3403411219523723e-12
3.4382141168572196e-12
3.543619618787487e-12
3.657288251538639e-12
3.7799766183091306e-12
3.912622687221341e-12
4.0562290890870775e-12
3.4016447466227e-12
3.539724613581614e-12
3.689958207205737e-12
3.853678590253618e-12
4.032421350158161e-12
4.227919916145019e-12
3.5981530088767996e-12
3.7907872874241214e-12
4.002826757895483e-12
4.236724167952081e-12
3.650053317766216e-12
3.88528710659699e-12
4.146738697736907e-12
3.611120892561476e-12
3.878826963143507e-12
4.1789206236157335e-12
3.683434841151193e-12
3.997009884061123e-12
4.351927773526113e-12
3.888315964765281e-12
4.2677559683106216e-12
3.852417207084061e-12
4.26519647278785e-12
3.8928888932385725e-12
4.350481815274292e-12
4.01823883297069e-12
4.5359752003636334e-12
4.2434740694874376e-12
3.9992319199001335e-12
4.592700329967243e-12
4.390552583921795e-12
4.23194271100705e-12
4.114012420390949e-12
4.851539730698724e-12
4.794856174676043e-12
4.784038288566636e-12
4.820496839890126e-12
4.9071582183743665e-12
5.048675984603818e-12
5.251792056451223e-12
4.6511211533337616e-12
4.961898674617495e-12
5.359363389711369e-12
4.965160114560145e-12
5.51695341671241e-12
5.286626978704553e-12
5.1632148157125535e-12
5.143539739339821e-12
5.230678925420721e-12
5.4346985090486465e-12
5.7742654622316255e-12
6.279460372874661e-12
6.056814014501958e-12
6.0259596586107665e-12
6.1922109699409295e-12
6.5812165370111465e-12
6.348695415762501e-12
7.273952271831839e-12
6.73956363349996e-12
7.445500173884079e-12
7.677293412896047e-12
7.488918296633458e-12
7.829817829865306e-12
8.801876887043029e-12
8.697930549973332e-12
9.465463339675098e-12
9.449021280350545e-12
1.0677460833720688e-11
1.0669308543445463e-11
1.1618543467896631e-11
1.216324113429141e-11
1.3871589633049415e-11
1.4872904628279686e-11
1.6513344377087848e-11
1.799944772412279e-11
2.069029102329302e-11
2.440436069970272e-11
2.8772272386891105e-11
3.6563037792585305e-11
4.918941687645489e-11
7.626181353274619e-11
1.7641063942169133e-10
0.579750343662143
0.584720368070858
0.5896714557775233
0.5946044024491065
0.599519771916157
0.6044179145919049
0.6092989835044634
0.6141629483419899
0.6190096078491062
0.6238386008360297
0.6286494160476627
0.633441401062515
0.6382137704078423
0.6429656130071341
0.6476958990932481
0.6524034866798435
0.6570871276778869
0.6617454737403772
0.6663770818890622
0.6709804199920416
0.6755538721332337
0.6800957439214184
0.6846042677769939
0.689077608225253
0.6935138672338509
0.6979110896109005
0.7022672684895702
0.7065803509166507
0.7108482435604515
0.7150688185514942
0.719239919461292
0.7233593674388729
0.7274249674957487
0.7314345149497996
0.7353858020369611
0.7392766246769099
0.7431047893978632
0.7468681204252209
0.7505644669157815
0.7541917103391226
0.7577477720077973
0.7612306207346815
0.7646382806166281
0.7679688389432202
0.7712204542061544
0.7743913642056319
0.777479894248299
0.7804844654079011
0.7834036028437075
0.7862359441528682
0.7889802477346172
0.791635401139097
0.7942004293682674
0.7966745030900153
0.7990569467191655
0.801347246309799
0.803545057198945
0.8056502113150161
0.8076627240798503
0.8095828007931322
0.8114108423969028
0.8131474504844312
0.8147934314372033
0.8163497995222134
0.8178177788151517
0.8191988037816041
0.8204945183504002
0.8217067733375814
0.8228376220524529
0.8238893139718101
0.8248642863558631
0.8257651537297462
0.82659469519452
0.827355839552157
0.8280516483185347
0.8286852967168393
0.8292600528458717
0.8297792552463088
0.830246289189222
0.8306645620402433
0.8310374781414812
0.8313684136686031
0.8316606919823973
0.8319175599793518
0.832142165966898
0.832337539530365
0.8325065738278612
0.8326520106521235
0.8327764285030662
0.8328822338077116
0.832971655294224
0.8330467414279389
0.8331093607276588
0.8331612047434199
0.833203793497747
0.8332384832950859
0.833266476999447
0.8332888371841877
