1.0e-7	0.0001
1.0e-7	0.0001
1.0e-7	0.0001
1.0e-7	0.0001
1.0e-7	0.0001
1.0e-7	0.0001
1.0e-7	0.0001
1.0e-7	0.0001
1.0e-7	0.0001
1.0e-7	0.0001
1.0e-7	0.0001
1.0e-7	0.0001
1.0e-7	0.0001
1.0e-7	0.0001
1.0e-7	0.0001
1.0e-7	0.0001
1.0e-7	0.0001
1.0e-7	0.0001
1.0e-7	0.0001
1.0e-7	0.0001
1.0e-7	0.0001
1.0e-7	0.0001
0.00016395180240987952	0.00032363053474552416
0.0002291585420728964	0.0004173396906800815
0.0003747512624368781	0.0006725310707274626
0.0008764961751912402	0.0016310722187211886
0.0052307473894633487	0.001805984919274532
0.568937183140843	0.0001609161766851911
0.5794117394130293	0.0001434455341935099
0.6000489675516224	0.00012941559351596732
0.6204000399980002	0.00011360602739366197
0.6399075046247688	0.00010062346859001542
0.6591463026848656	8.994298827663657e-5
0.6779156742162892	7.916722597331682e-5
0.696025178741063	7.274419368197604e-5
0.7133583020848957	6.448296331537031e-5
0.7299037548122594	6.0144509636933504e-5
0.7456462076896155	5.334997391809153e-5
0.7601647417629118	4.9619505841803734e-5
0.7734489475526224	4.636614871384232e-5
0.7854829958502075	4.367311361450694e-5
0.7960505874706266	4.0000044190475155e-5
0.8050496775161242	3.8347333472321626e-5
0.8127815209239538	3.699428975525315e-5
0.8189275536223188	3.5650007613153955e-5
0.8237701714914255	3.4782011521986734e-5
0.8272569571521424	3.4422093013079596e-5
0.8297488025598722	3.419539494833552e-5
0.8312999150042498	3.366887514461619e-5
0.8323597920103996	3.398529711347566e-5
0.832885635718214	3.3611436231759436e-5
0.8331457127143641	3.3332203227699066e-5
0.8332590770461479	3.360062986122928e-5
