3.713170496687819e-12
3.79855210840167e-12
3.889674497050572e-12
3.9870012547517525e-12
4.091044780069982e-12
3.3927724058064877e-12
3.490047960562373e-12
3.594356866791814e-12
3.706330545146332e-12
3.826679865918033e-12
3.956159041115209e-12
4.0956551463199695e-12
3.435670631149732e-12
3.568441339103184e-12
3.712061199316096e-12
3.867644356277201e-12
4.036450159432158e-12
4.219860507663181e-12
3.5844487327624044e-12
3.762606216009391e-12
3.95723406930666e-12
4.170228192642531e-12
3.578360368204525e-12
3.788769290935931e-12
4.020507284364274e-12
4.276277415648815e-12
3.712483321641126e-12
3.970194319387515e-12
4.256764841509547e-12
3.732898806108978e-12
4.0266822367505486e-12
4.356131147456539e-12
3.863007775648828e-12
4.207397220798378e-12
3.762510690205239e-12
4.127893224827034e-12
3.7248171655754925e-12
4.1187230112948715e-12
4.571390071615113e-12
4.184808247510743e-12
3.852844650492443e-12
4.335847714346522e-12
4.036914008759941e-12
4.587919282948443e-12
4.323484768041438e-12
4.102383867127273e-12
4.741153396814269e-12
4.560023177052296e-12
4.41970393589564e-12
4.3181728087124765e-12
4.2543096588755265e-12
4.2279478995066675e-12
4.239913977034125e-12
4.292158333828495e-12
4.387910502381446e-12
4.531929144763056e-12
4.73085548996943e-12
4.993761560177409e-12
4.475975790504365e-12
4.84548470279526e-12
5.312533749280053e-12
4.9773643433639344e-12
4.744276803104427e-12
5.441405131282009e-12
5.37169657961267e-12
5.408283549422985e-12
5.558597695368997e-12
4.977096612694547e-12
5.3581335274220615e-12
5.907796148753285e-12
5.730664345734403e-12
5.733371256554471e-12
5.925768916768293e-12
6.3381703360350656e-12
6.088250855029742e-12
6.107356754029046e-12
6.413884938497814e-12
6.174211925312619e-12
6.293704910643376e-12
6.817851953171847e-12
6.942876774756543e-12
6.740595548393894e-12
7.144526706553564e-12
7.406155420469498e-12
7.648869093557585e-12
8.036450533615893e-12
8.799314061124367e-12
9.332120714925456e-12
9.117259895823954e-12
9.675960512879658e-12
1.0103984064297788e-11
1.1019890470936491e-11
1.1675133686230526e-11
1.238847049343722e-11
1.3006069284295375e-11
1.5003947874727972e-11
0.32092924156249814
0.34970283049191486
0.37124518596179285
0.3893342890149872
0.405305567242925
0.41981411722078826
0.4332377757536027
0.4458171414909557
0.45771606989763397
0.4690517083617807
0.47991093865666007
0.49036005855864406
0.5004508147620006
0.5102243369217215
0.5197138004969354
0.5289462867253238
0.5379441169671545
0.5467258325380235
0.5553069291070009
0.5637004172882423
0.5719172576479508
0.5799667033387895
0.5878565736802406
0.595593475345329
0.6031829832605058
0.6106297901210197
0.6179378311792568
0.6251103893258383
0.6321501842370526
0.6390594488209576
0.6458399947626425
0.6524932695419199
0.6590204060173259
0.6654222658766322
0.6716994778548475
0.6778524715088751
0.6838815071697615
0.6897867026083799
0.6955680568435034
0.701225471480703
0.7067587698884167
0.7121677144888611
0.7174520223997098
0.7226113796325874
0.7276454540352392
0.7325539071278258
0.7373364049935314
0.7419926283428906
0.7465222818750408
0.75092510304346
0.7552008703253674
0.7593494110857678
0.7633706091194954
0.7672644119472934
0.7710308379346777
0.7746699832948045
0.7781820290285842
0.7815672478466104
0.7848260111079058
0.7879587957998434
0.7909661915723737
0.7938489078217404
0.7966077808184263
0.7992437808344687
0.8017580192272586
0.8041517554184233
0.806426403662517
0.8085835395791527
0.8106249058510976
0.8125524183153554
0.8143681699746433
0.8160744350550229
0.8176736715095109
0.8191685222248616
0.8205618146472669
0.8218565586029941
0.8230559421219532
0.8241633250632628
0.8251822303929967
0.8261163329918025
0.8269694459185408
0.8277455041255678
0.8284485456679175
0.8290826905404569
0.8296521173417616
0.8301610380443762
0.8306136712255797
0.8310142141824801
0.8313668144167901
0.831675541025441
0.8319443565712414
0.8321770900314411
0.8323774114313459
0.8325488087596785
0.8326945677449028
0.8328177550208645
0.832921205157736
0.833007511950261
0.8330790242543716
0.8331378465390233
0.8331858441736473
0.8332246533056983
0.8332556950030227
0.8332801931514823
0.8332991954217523
