3.8910614560720496e-12
3.919619014202973e-12
3.949678387045217e-12
3.98137635112405e-12
4.014948213950729e-12
3.2468212483021145e-12
3.27720631186634e-12
3.3093346326394486e-12
3.3433317875188194e-12
3.3793969066416247e-12
3.4175800727279527e-12
3.4580986645360364e-12
3.50101389385221e-12
3.546660149411896e-12
3.5951067813123964e-12
3.6466266096047255e-12
3.701417630428997e-12
3.759740849192244e-12
3.8218894086041e-12
3.888207377670155e-12
3.958926076338186e-12
4.0344480969905264e-12
3.3068632976863053e-12
3.377063723247031e-12
3.4522960571971603e-12
3.532967254448408e-12
3.6195917665410295e-12
3.712768884706109e-12
3.813026637478199e-12
3.921115146185122e-12
4.037787924557006e-12
3.3540544673989723e-12
3.465164257899905e-12
3.5857042662450804e-12
3.7166350602955194e-12
3.859169811732582e-12
4.014506544196626e-12
4.184196793576626e-12
3.5296664274789692e-12
3.695917284926353e-12
3.878735169963225e-12
4.080248036464347e-12
3.4826072363380587e-12
3.684239007003314e-12
3.908349252964553e-12
4.15799676582431e-12
3.600020235647726e-12
3.856376495131524e-12
4.144858716506594e-12
3.635135861804391e-12
3.9383129510898e-12
4.283283346832528e-12
3.81291043564038e-12
4.185258864515668e-12
3.768738305587909e-12
4.17897578533787e-12
3.811064520708564e-12
4.273462411435345e-12
3.951900555264379e-12
4.486332124733455e-12
4.21281360253259e-12
3.991202187775277e-12
4.629435072372361e-12
4.464171121713685e-12
4.349065049990559e-12
4.2826876556063564e-12
4.265108073064777e-12
4.298186787800803e-12
4.3856794039476104e-12
4.533681083821569e-12
4.751277484804629e-12
5.0513415213388665e-12
4.574177790784363e-12
5.026524750749541e-12
4.733593605926252e-12
5.395330409855715e-12
5.305370219480811e-12
5.346592131644005e-12
5.529147459937779e-12
5.017256444875399e-12
5.502317325039895e-12
5.3430872962404565e-12
5.39044608507366e-12
5.661323158776414e-12
6.202948600059108e-12
6.190265747013837e-12
6.524152551847463e-12
6.394310526534901e-12
6.7142106040163765e-12
7.581401573233532e-12
7.312932612230859e-12
7.792589634223802e-12
8.284469304280142e-12
8.974707343452936e-12
9.198660682361501e-12
1.0182927741099526e-11
1.0539294043217298e-11
1.1782688597640816e-11
1.29347906173018e-11
1.4330232546944001e-11
1.6054582648213806e-11
1.752027981610784e-11
2.1413199319661704e-11
2.5905961132246814e-11
3.2769082079348496e-11
4.4973894347399494e-11
7.60390743424242e-11
0.6080081061972522
0.6123046379162346
0.6166153816451696
0.6209389603158078
0.6252739122059584
0.6296186918171855
0.6339716708960729
0.6383311395952802
0.6426953078125134
0.6470623067047034
0.6514301904026153
0.6557969379295244
0.6601604553429453
0.6645185781100131
0.6688690737230685
0.67320964456358
0.6775379310290832
0.6818515149221265
0.6861479231058032
0.69042463143645
0.6946790689668165
0.6989086224247337
0.7031106409603795
0.7072824411665459
0.7114213123628107
0.7155245221301783
0.7195893221024231
0.7236129539933192
0.7275926558539345
0.7315256685477752
0.7354092424316032
0.7392406442292813
0.7430171640857607
0.7467361227883738
0.7503948791428826
0.7539908374922731
0.7575214553670155
0.7609842512563896
0.7643768124914352
0.767696803231018
0.7709419725433082
0.7741101625762411
0.7771993168055078
0.7802074883635581
0.7831328484261995
0.7859736946567911
0.788728459689318
0.7913957196320285
0.7939742025657098
0.796462797007711
0.7988605602886131
0.8011667268017291
0.8033807160480665
0.8055021403997771
0.807530812484522
0.809466752077406
0.8113101923703745
0.81306158547258
0.8147216069793937
0.8162911594390867
0.8177713745227903
0.8191636137202637
0.8204694673606792
0.8216907517774659
0.8228295044449074
0.8238879769357434
0.8248686255830071
0.8257740997565528
0.8266072277322537
0.8273710001673374
0.8280685512701031
0.828703137815749
0.8292781162307415
0.8297969180421328
0.8302630240463663
0.8306799376302962
0.8310511577121488
0.8313801518190826
0.8316703298367533
0.8319250189700237
0.8321474404363353
0.8323406883739348
0.8325077113864298
0.8326512970681108
0.832774059750527
0.8328784316229572
0.8329666572504528
0.8330407914252675
0.8331027001921251
0.8331540648243967
0.8331963884945821
0.8332310053936739
0.8332590920967814
0.8332816810692624
