3.9030875509732e-12
3.932126782156585e-12
3.9623254362142054e-12
3.992802657016813e-12
4.027047179293192e-12
3.257391805510509e-12
3.2873993975320513e-12
3.3183995953235326e-12
3.3524303255208086e-12
3.388906965846241e-12
3.426805797149811e-12
3.4667628486081774e-12
3.5111145020823316e-12
3.5543743126828392e-12
3.6039088785387702e-12
3.65400683247268e-12
3.708093088871564e-12
3.76518494098343e-12
3.825957018578675e-12
3.8898651034016586e-12
3.960183283290086e-12
4.034106234816532e-12
3.3044508244946373e-12
3.3733432553725568e-12
3.446336586585039e-12
3.5227996104205843e-12
3.6072725820343065e-12
3.696768822464717e-12
3.7931697373148395e-12
3.8983083312080705e-12
4.008408993423416e-12
4.128178706777197e-12
3.4296543110522014e-12
3.542441095469464e-12
3.665039198373933e-12
3.7984596576425504e-12
3.94509796933644e-12
4.1013022183034434e-12
3.448741838774891e-12
3.6018929369295602e-12
3.770584196505901e-12
3.9526503665718114e-12
4.1551365783385305e-12
3.541647149419455e-12
3.740456289847405e-12
3.9616742634959126e-12
4.2077074288829164e-12
3.6337071950149672e-12
3.884951984021562e-12
4.164011346832109e-12
3.640465924921353e-12
3.932278706696732e-12
4.263093400791738e-12
3.776971047732367e-12
4.12820341829874e-12
3.696954662650382e-12
4.079135447618226e-12
3.695659943261264e-12
4.1211977563199694e-12
3.7825512968593025e-12
4.263973490574276e-12
3.968508838251933e-12
4.530554520323292e-12
4.282836159341467e-12
4.084434410591606e-12
3.9343027120184806e-12
4.628446840806952e-12
4.541566286053132e-12
4.505659766102907e-12
4.521273124124052e-12
4.59130596379259e-12
4.720173105575469e-12
4.920584819042945e-12
4.349232427251762e-12
4.6755589497146095e-12
5.101685595585274e-12
4.763217058523588e-12
5.386306407439281e-12
5.247107268521667e-12
5.234299825959836e-12
5.355168137291353e-12
5.627985431960077e-12
5.196545454806589e-12
5.797566925022285e-12
5.743711622437364e-12
5.914679594243984e-12
6.348484204793345e-12
6.186571893618711e-12
6.3594687177957034e-12
6.913698352622828e-12
7.012998474516406e-12
6.746511606811228e-12
7.055094302562375e-12
8.057692462585679e-12
8.10471665121704e-12
8.254184626649516e-12
8.709216364465316e-12
9.745778727925228e-12
9.94033710993996e-12
1.0684321454500721e-11
1.1780165923134572e-11
1.3346393676786529e-11
1.508404808901422e-11
1.6619374091165117e-11
1.9237870776752947e-11
2.2772417711600012e-11
2.8803765639823883e-11
3.7897115813549744e-11
5.586115584231196e-11
1.1310463917063982e-10
0.6514030984971324
0.6557673989589721
0.6601106989352219
0.6644326930169111
0.6687329198780123
0.6730107726019214
0.6772655080574453
0.681496255504609
0.6857020245528377
0.6898817126010227
0.6940341118496025
0.6981579159738928
0.7022517265225086
0.7063140591084337
0.710343349437775
0.7143379592185723
0.718296181990493
0.7222162488992914
0.7260963344441118
0.7299345622139959
0.7337290106375559
0.7374777187468239
0.7411786919773847
0.7448299080049878
0.7484293226279283
0.7519748756997062
0.7554644971167173
0.7588961128630689
0.762267651122118
0.7655770484543019
0.7688222560504234
0.7720012460737238
0.7751120180934671
0.7781526056337731
0.7811210828513406
0.7840155713631654
0.7868342472560577
0.7895753483050423
0.7922371814387641
0.7948181304923663
0.7973166642927785
0.7997313451258172
0.8020608376341648
0.8043039182010838
0.8064594848686206
0.8085265678383138
0.8105043405941075
0.8123921316758549
0.8141894371152063
0.8158959335230591
0.8175114917880636
0.8190361913081147
0.8204703346309052
0.8218144623228927
0.8230693678222676
0.8242361119548802
0.8253160367113008
0.8263107777891665
0.8272222753153917
0.828052782065726
0.8288048684142407
0.8294814231704908
0.8300856494171311
0.8306210544465751
0.8310914329302009
0.8315008425645385
0.8318535716019989
0.8321540979578563
0.8324070399374731
0.8326170990969516
0.8327889962891005
0.832927402560496
0.8330368671848356
0.8331217457143074
0.8331861313958004
0.8332337935937131
0.8332681268478124
0.8332921138661169
0.8333083050134011
0.8333188157579057
0.8333253421330905
0.8333291927039407
0.8333313339940119
0.8333324450616102
0.8333329761377589
0.8333332061269401
0.8333332943909164
0.8333333235102864
0.8333333314172435
0.8333333330723924
0.8333333333125322
