3.891022799321122e-12
3.9195778870457625e-12
3.949635056474689e-12
3.981330627200359e-12
4.0149000694528556e-12
3.2467799702995975e-12
3.2771632911315123e-12
3.3092890117778913e-12
3.343282476532113e-12
3.379346102413062e-12
3.4175253341199817e-12
3.4580406564577575e-12
3.5009522325361073e-12
3.546594490843924e-12
3.5950376254601405e-12
3.646552289359846e-12
3.701338892398998e-12
3.759657003405993e-12
3.821799033517562e-12
3.88811128974093e-12
3.958822816803426e-12
4.034338299005551e-12
3.3067676535433803e-12
3.376961916288609e-12
3.4521871689923428e-12
3.532850374065525e-12
3.619466413103498e-12
3.712634233010989e-12
3.8128815531442536e-12
3.9209578203900964e-12
4.037616453819235e-12
3.3539057148126748e-12
3.4650018368989436e-12
3.585525921779246e-12
3.716445069548521e-12
3.858961841657684e-12
4.014279869037657e-12
4.1839470475905255e-12
3.5294440225842795e-12
3.695671007713786e-12
3.878462795579757e-12
4.079944562174521e-12
3.4823353013465353e-12
3.6839402673095624e-12
3.908014002626985e-12
4.157622559700066e-12
3.5996824191027205e-12
3.855990998809484e-12
4.1444232631569665e-12
3.634730923310991e-12
3.937850131428597e-12
4.282759830744546e-12
3.812419655546207e-12
4.184684663434208e-12
3.76819931080116e-12
4.178348718641701e-12
3.810453696948774e-12
4.272744500701993e-12
3.9512006133374294e-12
4.485490588091208e-12
4.211987284656828e-12
3.990381127430843e-12
4.6284222832974955e-12
4.4631436735652185e-12
4.3480089554001274e-12
4.281594750584372e-12
4.263951868883828e-12
4.2969709150129656e-12
4.384364117660055e-12
4.532238443408029e-12
4.749683777821515e-12
5.049548006206782e-12
4.572460958174539e-12
5.024513133884688e-12
4.731617542020135e-12
5.392935783665743e-12
5.3028677066142144e-12
5.343906979289943e-12
5.526203726680575e-12
5.014426354406377e-12
5.499026130466594e-12
5.339676892668272e-12
5.386747187518499e-12
5.657190233902272e-12
6.198091864771447e-12
6.185104477392854e-12
6.518279979942408e-12
6.388160843394274e-12
6.707244391673218e-12
7.572907892131397e-12
7.304040127789951e-12
7.78224842446161e-12
8.272490988998118e-12
8.960517889251167e-12
9.182660699620979e-12
1.0163247784250914e-11
1.0516549409262967e-11
1.1754054678312899e-11
1.2899063761428479e-11
1.428465851673551e-11
1.5994808772961506e-11
1.838715304733994e-11
2.1295280931390567e-11
2.5721647546689286e-11
3.24443832717663e-11
4.5222567448343384e-11
7.602164042840762e-11
0.6053809592106723
0.6096809865373151
0.61399649972695
0.6183261641960278
0.6226685576298134
0.6270221706880856
0.6313854078402822
0.6357565883519705
0.6401339474502246
0.6445156376716125
0.6488997304200622
0.6532842177403653
0.6576670143287431
0.6620459597931854
0.6664188211722961
0.6707832957229939
0.6751370139933135
0.6794775431812191
0.6838023907850467
0.688109008562028
0.6923947967738936
0.6966571087507551
0.7008932557452453
0.7051005120853868
0.7092761206229206
0.7134172984668452
0.7175212429857782
0.721585138082535
0.7256061607169004
0.7295814876673645
0.7335083025160211
0.7373838028407556
0.7412052075982927
0.7449697646814125
0.7486747586336996
0.75231751850554
0.7558954258356964
0.7594059227436389
0.7628465201188069
0.7662148058947911
0.7695084533922716
0.7727252297309812
0.7758630042856245
0.7789197571866217
0.781893587850473
0.7847827235282623
0.7875855278575908
0.7903005093995241
0.792926330136996
0.7954618139037554
0.7979059547094586
0.8002579249018679
0.8025170831199011
0.8046829819534862
0.8067553752264184
0.8087342247979592
0.8106197067636036
0.8124122169195169
0.8141123753400481
0.8157210299037273
0.8172392585965293
0.8186683704014079
0.8200099046020226
0.8212656283103457
0.8224375320510128
0.8235278232479739
0.8245389174894046
0.8254734274693386
0.8263341495675686
0.827124048059998
0.8278462370223717
0.8285039600502409
0.8291005679862418
0.8296394949186026
0.8301242327732307
0.8305583049022678
0.8309452391109057
0.8312885406192476
0.8315916654824065
0.8318579950049311
0.8320908116781709
0.8322932771404461
0.8324684126093471
0.8326190821674765
0.8327479791857986
0.8328576160846398
0.8329503175029999
0.8330282168537031
0.8330932561356563
0.8331471887942534
0.8331915853643677
0.8332278416130299
0.8332571889084087
0.8332807066022815
