4.040533717633107e-12
4.171634770109598e-12
4.3104889382286e-12
3.619989982399944e-12
3.749694467042683e-12
3.894381563004669e-12
4.047979191232521e-12
4.211948801472503e-12
3.5631967215507054e-12
3.7193898041364324e-12
3.890166600570392e-12
4.078397160981173e-12
4.2769421815688725e-12
3.651965139484424e-12
3.845111346167249e-12
4.061375962310682e-12
4.2932703546685255e-12
3.697889444570166e-12
3.926816867528833e-12
4.183107026085239e-12
3.6301303115761586e-12
3.882593904973266e-12
4.163631066517691e-12
3.64599303561628e-12
3.931144812473857e-12
4.2497183140474344e-12
3.756157078643423e-12
4.085188231990706e-12
4.46101946232575e-12
3.984946641249297e-12
4.378275584238963e-12
3.943907104920687e-12
4.366760792837096e-12
3.970122660117718e-12
4.429916192008666e-12
4.0673261584457536e-12
3.750075188757181e-12
4.247703896371179e-12
3.963477009478579e-12
4.527315328848101e-12
4.2761663548256124e-12
4.065061091776156e-12
3.885398627039849e-12
4.555160870237379e-12
4.4216002077893875e-12
4.327597637600762e-12
4.268156339774686e-12
4.24750451779717e-12
4.2674989017140934e-12
4.330122542481441e-12
4.439006783660941e-12
4.59869056205742e-12
4.817593355088102e-12
4.235933352443781e-12
4.549518059801226e-12
4.960244968309014e-12
4.5542614062434365e-12
4.260488892473285e-12
4.8559734360265045e-12
4.708122581814909e-12
4.6547112170509805e-12
4.696236341672636e-12
4.849376812184914e-12
5.124027713543678e-12
4.679821344015624e-12
5.217289549716142e-12
5.05720638196687e-12
5.066569546535805e-12
5.26423320011158e-12
5.683524570485348e-12
5.44560419613841e-12
5.474133994888509e-12
5.786293294625945e-12
5.545815000901787e-12
5.661638441449094e-12
6.187659777279301e-12
6.293640610272647e-12
6.046579310619689e-12
6.402797221303371e-12
6.577349458874896e-12
6.673560665291773e-12
6.845313117462091e-12
7.258200041229226e-12
7.2378394581214175e-12
7.083033984871017e-12
8.014100532219797e-12
7.857279091477047e-12
8.147461996681614e-12
8.891980565486229e-12
9.593080977663492e-12
9.422553900186637e-12
1.0444045283166075e-11
1.1124520740443589e-11
1.1697926331826583e-11
1.2902964001928729e-11
1.3906624758952035e-11
1.5023027648784172e-11
1.65618358411827e-11
6.633256691248787e-10
0.4257227742032389
0.4363914867525791
0.44674555595827403
0.45682022585464455
0.4666440586247542
0.47624045682799626
0.4856287667652563
0.494825095583919
0.5038429279056842
0.5126935990154502
0.5213866635052906
0.5299301864292156
0.5383309762229884
0.5465947732342687
0.5547264040682898
0.562729909270491
0.5706086500453585
0.5783653983034421
0.5860024133387371
0.5935215076787332
0.6009241040932418
0.6082112852886854
0.6153838375332854
0.6224422891570155
0.629386944706499
0.6362179153682579
0.6429351461702074
0.6495384403649869
0.6560274813406876
0.6624018523401646
0.6686610542396982
0.6748045215888773
0.6808316370996342
0.6867417447418241
0.6925341615986216
0.6982081886056578
0.7037631202983873
0.7091982536779271
0.7145128962992224
0.7197063736730237
0.7247780360838795
0.7297272648894543
0.7345534784037682
0.7392561374165921
0.7438347504437149
0.7482888787528286
0.7526181412478526
0.7568222192641803
0.7609008613250959
0.7648538879264485
0.7686811963866822
0.7723827658100497
0.7759586622049034
0.7794090437786221
0.7827341664485213
0.7859343895743809
0.7890101819237245
0.7919621278638388
0.7947909337672355
0.797497434587884
0.8000826005741152
0.8025475440411468
0.8048935261220289
0.8071219633902167
0.8092344342258849
0.811232684781062
0.8131186343645395
0.8148943800704405
0.8165622004347015
0.8181245579034768
0.8195840998886109
0.8209436581706595
0.8222062464371207
0.82337505573501
0.8244534476539606
0.8254449450846154
0.8263532204455245
0.8271820813148952
0.8279354534857241
0.8286173615145089
0.8292319069215477
0.8297832442750008
0.8302755554724613
0.8307130225983805
0.8310997998185349
0.8314399848132933
0.8317375903059994
0.8319965162699539
0.8322205234131732
0.8324132085420555
0.8325779823831082
0.8327180504188471
0.832836397238811
0.8329357748398697
0.8330186952287598
0.8330874275706327
0.8331440000010043
0.8331902060707395
0.8332276156292544
0.8332575897757711
0.8332812993398555
0.833299746190746
