3.901009495652294e-12
3.929725644533987e-12
3.959904113188726e-12
3.991792830320352e-12
4.025537008353566e-12
3.2554794159379462e-12
3.285983895563161e-12
3.3182992779314413e-12
3.3524696350863095e-12
3.3887095624690415e-12
3.4270864292606684e-12
3.467813275372376e-12
3.5109690554252e-12
3.5568583417547474e-12
3.6055413753730976e-12
3.657366211256683e-12
3.7124166500188645e-12
3.77109327891422e-12
3.833576675057061e-12
3.900242093630817e-12
3.971354485900205e-12
4.04728515130408e-12
3.3175976654167897e-12
3.38816708760292e-12
3.463813502277961e-12
3.5449722733296983e-12
3.6321357355499915e-12
3.7258120572678704e-12
3.8266781240143534e-12
3.9354407082749214e-12
4.052812852092547e-12
3.3668334328390276e-12
3.47863814306856e-12
3.599926147333213e-12
3.731701257148848e-12
3.875130123401335e-12
4.031522578070346e-12
3.3928410733454422e-12
3.545389888009367e-12
3.712790052978644e-12
3.896907863185275e-12
4.0998210989058444e-12
3.499840273999069e-12
3.702998340452649e-12
3.928760788347472e-12
4.1803320088665916e-12
3.6199975393645985e-12
3.878429849623734e-12
4.16928231339741e-12
3.657338301991153e-12
3.963084831788365e-12
4.311077191577889e-12
3.838573578155795e-12
4.214354892772635e-12
3.795963785356099e-12
4.210159233031219e-12
3.84065889461883e-12
4.307769648472009e-12
3.984948387483104e-12
4.525144177647755e-12
4.250823825863161e-12
4.028753451604671e-12
4.674522433125839e-12
4.5095599621188644e-12
4.395218570642882e-12
4.330105059605146e-12
4.314443951042712e-12
4.3501092287894564e-12
4.441024654608993e-12
4.593474538057559e-12
4.816755847942184e-12
5.1240788654362895e-12
4.643485541379942e-12
5.1061405960480225e-12
4.812504632798269e-12
4.638162138359522e-12
5.402697190151028e-12
5.449865949043778e-12
5.641568087976195e-12
5.1253154167699225e-12
5.627079835442413e-12
5.47142642207135e-12
5.5275622065806135e-12
5.813882806085102e-12
6.379962148530062e-12
6.378455527312494e-12
6.735331821756134e-12
6.6159371489333475e-12
6.963257689235504e-12
6.981251897880429e-12
7.626425189506626e-12
8.153261562488451e-12
8.70005453230602e-12
8.546539074606713e-12
9.74890173364424e-12
9.907625822085054e-12
1.038410965912544e-11
1.1771425030191674e-11
1.3129169368962464e-11
1.3864585816484563e-11
1.598473585967388e-11
1.8050158211741993e-11
2.1012625864810616e-11
2.5298071426241908e-11
3.272475651684696e-11
4.598163864661331e-11
7.830646591849793e-11
0.6178111169417447
0.6217296025971517
0.6256732703117467
0.6296404735229318
0.6336294930480091
0.6376385371153378
0.6416657415755845
0.6457091703230147
0.649766815921698
0.6538366004564663
0.6579163766167636
0.6620039290230627
0.6660969758094921
0.6701931704621092
0.67429010393766
0.6783853070451342
0.6824762531277464
0.6865603610233578
0.6906349983191207
0.6946974849061801
0.6987450968276692
0.7027750704238268
0.7067846067721136
0.7107708764138975
0.7147310243742513
0.7186621754532828
0.7225614397875417
0.7264259186790362
0.7302527106672237
0.7340389178385535
0.7377816523696958
0.7414780432709122
0.7451252433402513
0.7487204362954936
0.7522608440780261
0.7557437343248808
0.7591664279762875
0.762526307031745
0.7658208224239275
0.7690475020133649
0.7722039586906447
0.7752878985794063
0.778297129327108
0.7812295684858528
0.7840832519619085
0.7868563425217421
0.7895471383497614
0.7921540816265755
0.794675767105622
0.7971109506582373
0.7994585577334157
0.8017176916936724
0.8038876419541817
0.8059678918399
0.8079581260841973
0.8098582378374959
0.8116683350814708
0.8133887462893359
0.8150200251804173
0.8165629544055041
0.8180185479612639
0.8193880521653462
0.8206729449766894
0.8218749334912467
0.822995949417337
0.8240381423743682
0.8250038708877974
0.8258956909650919
0.8267163422206908
0.8274687315323336
0.8281559143149363
0.8287810735295424
0.829347496655042
0.8298585509045433
0.830317657049069
0.8307282622978566
0.8310938127200858
0.8314177257706299
0.831703363490027
0.8319540069724699
0.8321728326665995
0.8323628910440204
0.8325270880841553
0.8326681699354019
0.8327887109941708
0.8328911055061151
0.8329775626800798
0.833050105171213
0.8331105707210797
0.833160616704034
0.8332017273645471
0.8332352236507737
0.8332622757461404
0.8332839186918898
