0.0	0.0
0.0	0.0
0.0	0.0
0.0	0.0
0.0	0.0
0.0	0.0
0.0	0.0
0.0	0.0
0.0	0.0
0.0	0.0
0.0	0.0
0.0	0.0
0.0	0.0
0.0	0.0
0.0	0.0
0.0	0.0
0.0	0.0
0.0	0.0
0.0	0.0
0.0	0.0
0.0	0.0
0.0	0.0
0.0	0.0
0.0001977801109944503	0.00032460221369334986
0.0002827758612069397	0.0004224188062141146
0.00047811609419529013	0.0007613033227118919
0.0008509774511274434	0.0012928640567102107
0.4448028498575071	0.0003059854572124359
0.4699752362381881	0.0002692346646296527	
0.493293215339233	0.00021859447068436926
0.5338369381530924	0.00017172889545698794
0.5693261536923153	0.00013409516980861843
0.601897605119744	0.00011133264470844535
0.6313931403429828	9.864025901497768e-5
0.6586799560021999	8.350029208946563e-5
0.6834994550272486	7.400797558861818e-5
0.7067395030248488	6.529602543998566e-5
0.7275891305434729	5.951477408893692e-5
0.7464981650917455	5.3725924179113423e-5
0.7632810659467026	4.8918670611539784e-5
0.7781437428128594	4.447738711542592e-5
0.7908608969551523	4.165506264661746e-5
0.8017721613919303	3.937030018336772e-5
0.8106323183840807	3.733789711839383e-5
0.8176901054947253	3.624792866620775e-5
0.8229657617119145	3.5574704568105514e-5
0.826955632218389	3.405613573289757e-5
0.8296276586170691	3.415886839253425e-5
0.8313415629218537	3.3392846132871215e-5
0.8324004099795012	3.38530790326285e-5
0.8329429628518573	3.315067081641553e-5
0.8331677216139194	3.409387692388275e-5
0.8333314634268286	3.3507385225273965e-5
