3.802478021474533e-12
3.8578399307601316e-12
3.9166118883096164e-12
3.9790636738961876e-12
4.045474450883634e-12
3.307354832318257e-12
3.368535094363168e-12
3.43374428414096e-12
3.5032916905317085e-12
3.577569356046404e-12
3.656914385505303e-12
3.741800587334698e-12
3.832684325789323e-12
3.9300702727426085e-12
4.034569268135988e-12
3.3404134899152203e-12
3.4387101203899912e-12
3.54455446590569e-12
3.658651830905921e-12
3.781832110040089e-12
3.914975661213637e-12
4.05909836420029e-12
3.404443793655948e-12
3.5429854705034598e-12
3.693692593841638e-12
3.857917106418417e-12
4.0371732336216e-12
4.233184886755212e-12
3.602836966575814e-12
3.795896512933742e-12
4.008361646951383e-12
4.2426788600266666e-12
3.655121955832945e-12
3.890621630616088e-12
4.152290213482535e-12
3.615627500175998e-12
3.883364957338049e-12
4.18339732027323e-12
3.686683231607897e-12
3.999904948952744e-12
4.354281898583746e-12
3.8892376298156015e-12
4.267682889432845e-12
3.850817616732997e-12
4.262023332665063e-12
3.888030716983733e-12
4.343261911562699e-12
4.009097761011676e-12
4.523365782641423e-12
4.228556269509211e-12
3.981931273287501e-12
4.56980472056414e-12
4.3645296002809764e-12
4.202556490619583e-12
4.08093040396002e-12
4.808189796496784e-12
4.746062715711242e-12
4.7290098902227605e-12
4.7582728799978775e-12
4.836490933005027e-12
4.9680069140815e-12
5.159155772490362e-12
4.559064240153748e-12
4.854518453956056e-12
5.233022974726441e-12
4.835811271548675e-12
5.3615567118421165e-12
5.123463385570986e-12
4.989343765009347e-12
5.802487284950592e-12
5.867919232514019e-12
5.202183918741574e-12
5.508440362192245e-12
5.969280258420131e-12
5.7329502753124524e-12
6.544621299840135e-12
6.674434514245401e-12
6.14374552561847e-12
6.7301746455236794e-12
6.71794809360642e-12
7.0134527413157076e-12
6.787771227077844e-12
7.826954902387003e-12
7.544012864431577e-12
7.790442194992226e-12
8.646458512085874e-12
8.41789074982366e-12
9.020657175934684e-12
9.723724587533268e-12
9.815634589974834e-12
1.0450605766313817e-11
1.106231082594776e-11
1.2089358099908472e-11
1.3238345304574613e-11
1.4443330303957039e-11
1.602544846330477e-11
1.8004305533578786e-11
2.05442485121703e-11
2.2965851577905788e-11
2.771702922148629e-11
3.5052933198019476e-11
4.6380554556533135e-11
6.980248764268806e-11
1.4601587973346008e-10
0.5677527598123051
0.573479608426087
0.5791451723962112
0.5847536463615541
0.5903085732703343
0.5958129273963467
0.6012691831716003
0.6066793727446046
0.6120451344671588
0.6173677540708657
0.6226481998792615
0.6278871531601612
0.6330850344682911
0.6382420266939164
0.6433580953731521
0.6484330067360041
0.6534663438662096
0.658457521293949
0.6634057982792443
0.6683102910146679
0.6731699839242127
0.677983740213445
0.6827503118143005
0.6874683488165764
0.6921364085004769
0.6967529640384488
0.7013164129398258
0.7058250852968407
0.7102772518776154
0.7146711321158957
0.719004902029159
0.7232767020884882
0.727484645078956
0.7316268239601621
0.7357013197484009
0.7397062094334236
0.7436395739406839
0.7474995061475181
0.7512841189595919
0.7549915534521028
0.7586199870786059
0.7621676419488693
0.7656327931757844
0.7690137772899778
0.7723090007193169
0.7755169483288186
0.778636192014505
0.7816653993423137
0.7846033422201599
0.7874489055875072
0.7902010961021869
0.7928590507985865
0.7954220456845659
0.7978895042364844
0.8002610057424454
0.8025362934326267
0.8047152823284844
0.8067980667154521
0.8087849271539274
0.8106763369049454
0.8124729676471656
0.8141756943431078
0.8157855991001252
0.8173039738654825
0.8187323217742981
0.8200723569879727
0.821326002839837
0.8224953881262014
0.8235828413905603
0.8245908830756201
0.8255222154371233
0.8263797101721196
0.8271663937420813
0.8278854304379882
0.828540103295519
0.8291337930246012
0.8296699552046841
0.8301520960468391
0.8305837471002536
0.8309684393344332
0.8313096770793728
0.8316109123306001
0.8318755199573344
0.8321067743329513
0.8323078278914466
0.8324816920630601
0.8326312209752268
0.8327590982163136
0.8328678268620028
0.8329597228509723
0.833036911690015
0.8331013283661217
0.8331547202608081
0.8331986528083466
0.8332345176257646
0.8332635428774454
0.8332868057385721
