3.878469267063191e-12
3.907726127230166e-12
3.936699555125914e-12
3.9659830551616205e-12
3.998096167445949e-12
4.033995454617751e-12
3.2631432200984024e-12
3.29257203361757e-12
3.3248028840399105e-12
3.3609645745391054e-12
3.3978631079121433e-12
3.4349969037204702e-12
3.4770865878927344e-12
3.520419129312353e-12
3.568460475862289e-12
3.6165984468522515e-12
3.669039445956069e-12
3.722653264548802e-12
3.782075544225557e-12
3.844793045483568e-12
3.911032812400659e-12
3.983030642029695e-12
4.058430476463204e-12
3.3262214304118077e-12
3.3949122291661874e-12
3.470414681543705e-12
3.549886038961509e-12
3.63716848227821e-12
3.7281722855053105e-12
3.826898198156582e-12
3.9352744817893044e-12
4.048162359510352e-12
3.358715106839838e-12
3.4685558717379623e-12
3.5861472736745445e-12
3.713731898208241e-12
3.8513185880396535e-12
4.001097946964965e-12
4.163760488345621e-12
3.505303166622447e-12
3.664692557163176e-12
3.836303588014024e-12
4.026492143825528e-12
3.4271177316875977e-12
3.617003353421716e-12
3.825353480491732e-12
4.05256086984006e-12
3.49483564954821e-12
3.729050738003101e-12
3.989800811874857e-12
4.285056198371654e-12
3.753033488505916e-12
4.056731483738257e-12
3.586560896270219e-12
3.9113181803188344e-12
4.2836692555863906e-12
3.844730348671645e-12
4.249837799101731e-12
3.858336408697332e-12
4.3120647721644075e-12
3.966955538352412e-12
4.483856289663747e-12
4.185250320168163e-12
3.9398771172547435e-12
4.5442161613046796e-12
4.34775354469776e-12
4.2008791946992385e-12
4.10146009413866e-12
4.045723121853143e-12
4.866107628956249e-12
4.904023700412595e-12
4.161975294344575e-12
4.309405992707036e-12
4.522495770224924e-12
4.813741693760051e-12
5.203986565335837e-12
4.801905738938228e-12
4.526796391063077e-12
5.1647084051823645e-12
5.082946984929615e-12
5.125195959495842e-12
5.3042662793236014e-12
5.639321545440516e-12
5.2846123712763215e-12
5.973694382541279e-12
6.008597504610438e-12
6.289508471253735e-12
5.957557227558133e-12
5.9430345076136124e-12
6.261848486555283e-12
6.982588229370646e-12
7.292639547267015e-12
7.246981398029761e-12
7.843923998171793e-12
8.295034493202817e-12
8.74486430955938e-12
8.466582112457237e-12
9.506933229579725e-12
1.039180892889525e-11
1.0590043029186673e-11
1.1628803314829954e-11
1.2486348620199835e-11
1.3464255321992902e-11
1.548251717993925e-11
1.7835423717077084e-11
2.1007715844596832e-11
2.5299506395462687e-11
3.1527958704145236e-11
4.3585351189573485e-11
7.105660567378502e-11
0.6374999073938288
0.6423904135742298
0.6472375532219026
0.652042568127674
0.6568063831727056
0.6615296377424715
0.6662127129132231
0.6708557551722087
0.6754586972781507
0.6800212767585565
0.6845430524448015
0.6890234193780939
0.6934616223614136
0.6978567683771862
0.7022078380662635
0.7065136964187766
0.7107731028069875
0.7149847204762537
0.7191471255728611
0.7232588157942096
0.7273182187245519
0.7313236998991934
0.7352735706552973
0.7391660957917587
0.7429995010805732
0.7467719806480783
0.7504817042510252
0.7541268244666576
0.7577054838119599
0.7612158218140113
0.7646559820412804
0.7680241191155432
0.7713184057270744
0.7745370396649962
0.7776782508953128
0.780740308708952
0.7837215289699543
0.7866202815038374
0.7894349976624105
0.7921641781116968
0.7948064008932831
0.7973603298104761
0.799824723199958
0.8021984431455572
0.8044804651949615
0.8066698886368283
0.8087659473908281
0.8107680215541812
0.8126756496345073
0.8144885414793447
0.8162065918864985
0.817829894845445
0.8193587583173972
0.8207937194093485
0.8221355597352482
0.8233853206847147
0.8245443182366223
0.8256141568650479
0.8265967419859452
0.8274942902910731
0.8283093372221491
0.8290447407438697
0.8297036805063358
0.8302896514492268
0.8308064509014323
0.831258158290889
0.8316491067161267
0.8319838458544244
0.832267096003324
0.8325036934798298
0.8326985281340468
0.8328564743419391
0.8329823175086173
0.833080678779287
0.8331559412462392
0.8332121813718301
0.8332531095467639
0.8332820235406273
0.8333017780667196
0.8333147727037238
0.8333229590685043
0.8333278665080978
0.8333306438664707
0.833332113321067
0.8333328311373491
0.8333331496888259
0.8333332753796496
0.8333333181885811
0.8333333302523663
0.83333333289159
0.833333333295974
