3.916972390520822e-12
3.946587414021291e-12
3.977745108035852e-12
4.010662772219622e-12
3.242725909557153e-12
3.2726329570557622e-12
3.304165537202647e-12
3.337551670843571e-12
3.372898167040631e-12
3.4104201762230326e-12
3.45014358167731e-12
3.4923618394592024e-12
3.5370741628177302e-12
3.584647467697161e-12
3.635157733132941e-12
3.68893132327731e-12
3.7460986763048855e-12
3.807052024150739e-12
3.872044366036413e-12
3.94139905102577e-12
4.015452718113943e-12
3.2900624261347056e-12
3.3588629567924754e-12
3.4325181608399036e-12
3.5115267397699316e-12
3.596380487820825e-12
3.687599301188083e-12
3.785756649366088e-12
3.891529483190499e-12
4.005677314203235e-12
4.129017721523021e-12
3.434326468247963e-12
3.55213852712364e-12
3.680126201822661e-12
3.819396592634069e-12
3.971154788081824e-12
4.136863842839165e-12
3.4874644703593176e-12
3.649742680021485e-12
3.828120302015612e-12
4.024625632124622e-12
4.241684935644288e-12
3.6291679016709093e-12
3.847459394488274e-12
4.090607583849752e-12
3.5388252733071647e-12
3.7882931015870235e-12
4.068862428800699e-12
3.5654657111242832e-12
3.860018935634768e-12
4.195112009929301e-12
3.731081347991639e-12
4.0923286771951675e-12
3.6816859028779765e-12
4.079314987044315e-12
3.71666387610296e-12
4.164341102456674e-12
3.8473045460005815e-12
4.364075365190151e-12
4.094019797111372e-12
3.874871460474347e-12
4.490824627960071e-12
4.326218602514421e-12
4.210467958391627e-12
4.142012362021789e-12
4.120882503437074e-12
4.148588079008371e-12
4.228720222654092e-12
4.366903620487426e-12
4.571701094105044e-12
4.855206694218741e-12
4.391099558338801e-12
4.820013765030905e-12
4.5332435016370835e-12
5.161052435989852e-12
5.068094755962196e-12
5.100351195466235e-12
5.26688140054213e-12
5.588397833151581e-12
5.224372825185857e-12
5.8953890650775665e-12
5.917151224499041e-12
6.181259073814032e-12
5.8439192720836875e-12
6.680231592525432e-12
6.1160943820278555e-12
6.809123770107988e-12
7.098044825079098e-12
7.041395999463873e-12
7.606863241964128e-12
8.033232710531557e-12
8.457414304508662e-12
9.0656512112771e-12
9.182878511558872e-12
1.0036472396670156e-11
1.0237561091044806e-11
1.1262581139589794e-11
1.3063119501771696e-11
1.4069804413691269e-11
1.5255224177373835e-11
1.7801429516678036e-11
2.0431437966352048e-11
2.5611563461503703e-11
3.205008403854032e-11
4.460593487374592e-11
7.299379116365815e-11
0.612967832469228
0.6168556370086584
0.6207709545470319
0.6247122322642658
0.6286778429822927
0.63266608484005
0.6366751811396428
0.6407032803941765
0.6447484565806164
0.6488087096120781
0.6528819660432372
0.6569660800244626
0.6610588345087848
0.6651579427347076
0.6692610499837498
0.6733657356346071
0.6774695155146041
0.6815698445615023
0.6856641197973579
0.6897496836283907
0.6938238274662334
0.6978837956769731
0.7019267898574346
0.7059499734371381
0.7099504766032533
0.7139254015381669
0.7178718279743711
0.7217868190422974
0.7256674274067527
0.7295107016879894
0.7333136931325617
0.7370734625438494
0.7407870874301388
0.7444516693778104
0.7480643416125836
0.7516222767383546
0.755122694644933
0.7585628705466777
0.761940143159375
0.7652519229786401
0.7684957006565374
0.7716690554574492
0.7747696637742646
0.7777953077017064
0.7807438836346404
0.7836134108909648
0.786402040323714
0.7891080629170488
0.7917299183283624
0.7942662033493801
0.796715680252279
0.7990772849640045
0.8013501350288387
0.8035335372865057
0.8056269951826905
0.8076302156402149
0.8095431153663285
0.8113658265019199
0.8130987014661203
0.8147423168608613
0.8162974762914014
0.817765211923463
0.8191467846339802
0.8204436825672022
0.82165761795537
0.8227905220374058
0.823844537948065
0.824822011477068
0.8257254796058631
0.8265576568079257
0.8273214191057595
0.828019785973404
0.8286559001947135
0.8292330058873723
0.8297544249456452
0.8302235322248216
0.8306437298671135
0.8310184211960592
0.8313509846788049
0.8316447484608521
0.8319029660030209
0.8321287933269763
0.8323252683555155
0.8324952927607896
0.8326416166610041
0.8327668264051324
0.8328733355650638
0.8329633791555549
0.8330390109789034
0.8331021039270518
0.8331543530300183
0.8331972810679901
0.8332322466515317
0.8332604548544278
0.833282970724277
