4.4186453602991144e-12
3.730824512673797e-12
3.879805096167754e-12
4.035934949534932e-12
4.211555284741069e-12
4.392036719936676e-12
3.74185946633028e-12
3.9251726547658656e-12
4.1281826175882765e-12
4.347180390387247e-12
3.737173325225964e-12
3.954625610401937e-12
4.198678414067362e-12
4.461828510490114e-12
3.880773407532253e-12
4.156544519815797e-12
4.45573693167111e-12
3.911494634865381e-12
4.2289951876268106e-12
3.738213261433583e-12
4.067650021114312e-12
4.4403388470403055e-12
3.976945283068561e-12
4.376768134409379e-12
3.955974586017246e-12
4.3902008432065136e-12
4.010597179330163e-12
4.4926227165035795e-12
4.147880187161067e-12
3.845497267291106e-12
4.3855193691258024e-12
4.124092459164884e-12
3.897115348214933e-12
4.53199048912557e-12
4.353009938667325e-12
4.208900147706379e-12
4.101181562677486e-12
4.035159433044531e-12
4.007934044860149e-12
4.017176858361834e-12
4.068930433064942e-12
4.16330286403549e-12
4.308815178548797e-12
4.511854218888656e-12
3.939864662991287e-12
4.237389304528384e-12
4.614883428798193e-12
4.209761191223268e-12
4.731166242933522e-12
4.461666227674123e-12
4.290217658552923e-12
4.209078763310862e-12
4.2128798118293225e-12
4.312268429500403e-12
4.516596895314047e-12
4.848171990964999e-12
4.444478243581153e-12
5.043352189393063e-12
4.913337057198271e-12
4.9517711146964705e-12
4.332149769195728e-12
4.712711140873448e-12
4.477041394275756e-12
5.302984378552258e-12
4.66870036689463e-12
5.155943319482901e-12
5.094362777462256e-12
5.3719912918938715e-12
5.1556825958481216e-12
5.36031482581739e-12
5.1734895372063575e-12
5.510082944641468e-12
5.582563245737774e-12
5.4915017842851625e-12
5.331521383704271e-12
6.069266319731997e-12
6.162564257705473e-12
5.813062994605422e-12
6.1210183739105696e-12
6.588635918770554e-12
6.795098210463481e-12
6.5337640015496434e-12
6.795052187579339e-12
7.428486690896502e-12
7.71742783967289e-12
8.200560446656455e-12
8.381379021830129e-12
8.758323902365712e-12
0.2363623931637062
0.2751315709084307
0.2994688145141493
0.3190753193905288
0.3360966602176277
0.35143711590766097
0.36557767387327483
0.37880934667257116
0.3913234216369632
0.4032531353242975
0.41469533962154126
0.4257227742217734
0.436391486769993
0.4467455559749018
0.4568202258702001
0.4666440586387447
0.4762404568409935
0.48562876677695077
0.49482509559508453
0.5038429279167101
0.5126935990164436
0.5213866635053691
0.5299301864305201
0.5383309762234981
0.5465947732363491
0.5547264040708276
0.5627299092738173
0.5706086500503494
0.5783653983095687
0.5860024133466879
0.5935215076903189
0.6009241041086496
0.6082112853136236
0.6153838375408622
0.6224422891641778
0.6293869447129085
0.6362179153743162
0.6429351461762515
0.6495384403713242
0.6560274813460485
0.662401852345527
0.6686610542452655
0.6748045215948549
0.6808316371054318
0.6867417447468044
0.6925341616036549
0.6982081886108308
0.7037631203037761
0.7091982536836078
0.7145128963044867
0.7197063736786515
0.7247780360884207
0.7297272648944002
0.7345534784084196
0.7392561374217176
0.7438347504485686
0.7482888787574512
0.7526181412529961
0.756822219269082
0.7609008613297742
0.7648538879309134
0.7686811963909366
0.7723827658147889
0.7759586622093828
0.7794090437828359
0.7827341664524616
0.7859343895780383
0.7890101819270899
0.7919621278682553
0.7947909337712399
0.7974974345914652
0.8000826005779301
0.802547544044411
0.8048935261253675
0.8071219633934538
0.8092344342291555
0.8112326847817695
0.8131186343648685
0.8148943800703173
0.8165622004345171
0.8181245579039992
0.8195840998887175
0.8209436581709749
0.8222062464371768
0.8233750557348357
0.8244534476535835
0.8254449450845713
0.8263532204458308
0.8271820813150483
0.8279354534857479
0.8286173615144258
0.8292319069213776
0.8297832442751908
0.830275555472536
0.8307130225983592
0.8310997998184364
0.8314399848131352
0.8317375903057964
0.8319965162697321
0.8322205234088413
0.8324132085422734
0.8325779823831483
0.8327180504188529
0.8328363972388101
0.8329357748398639
0.8330186952287475
0.8330874275706117
0.8331440000009738
0.8331902060706987
0.8332276156290406
0.8332575897755978
0.8332812993397217
0.8332997461907365
