3.351421238385464e-12
3.4019016127352303e-12
3.455486430235088e-12
3.512250568716741e-12
3.572579556460344e-12
3.6366068123321227e-12
3.704666084686078e-12
3.77706000574302e-12
3.854074300994917e-12
3.936120789075908e-12
4.023580767609658e-12
4.1168086032272255e-12
3.400819939328538e-12
3.487849174488809e-12
3.5809018031426523e-12
3.680541774804146e-12
3.787332476786206e-12
3.901881047447512e-12
4.0248921517439046e-12
4.157141777294781e-12
3.479065371240857e-12
3.604864117991316e-12
3.740651961852924e-12
3.887387877300986e-12
4.046174891944625e-12
4.218243619296233e-12
3.5756148424779878e-12
3.742537459460796e-12
3.924329932635273e-12
4.122638092911194e-12
4.33934175710055e-12
3.726630273625955e-12
3.941184669873294e-12
4.1770616914846705e-12
3.6207796640936693e-12
3.857789136805158e-12
4.120147346279997e-12
4.41123092628347e-12
3.876507588541739e-12
4.175511751585918e-12
4.509905912956876e-12
4.010113761865586e-12
4.360302626015793e-12
3.911547396948998e-12
4.283709412991324e-12
3.879375106980595e-12
4.281216121253196e-12
4.7411914173823135e-12
4.357922842457162e-12
4.0300660512583135e-12
4.523919597788222e-12
4.232212213650361e-12
4.795901876114098e-12
4.542448901719673e-12
4.33343369947376e-12
4.990568980820689e-12
4.826699397987178e-12
4.705562196920307e-12
4.625550639101553e-12
4.586063035676721e-12
4.587559198031232e-12
4.6316469073426595e-12
4.721214994988445e-12
4.860682195220272e-12
5.056292749680232e-12
5.316608276715772e-12
5.653096646611866e-12
5.181351468689503e-12
5.653089155987142e-12
5.344699029422958e-12
5.996722310452286e-12
5.863429755314215e-12
5.843334931109262e-12
5.94012976654244e-12
6.16494092198924e-12
6.538079607756103e-12
6.174253866692893e-12
6.876142027877169e-12
6.872523065480728e-12
7.090553846767833e-12
6.662161702672262e-12
7.380236890294506e-12
7.518487593262841e-12
8.011531457906109e-12
7.990489624187538e-12
8.433920016947627e-12
8.498631276608684e-12
9.185353705402934e-12
9.690050545743364e-12
1.0141397293487703e-11
1.0713525905507234e-11
1.0694538992017103e-11
1.1300323850810697e-11
1.1981260908729776e-11
1.3239430718992036e-11
1.4883727944951115e-11
1.6048846747968555e-11
1.7336619395437858e-11
2.019021160504339e-11
2.2876411424777438e-11
2.7662139709596952e-11
3.397908244686722e-11
4.433838051879631e-11
6.372968037985133e-11
1.2165876088166478e-10
1.3434232392582513e-9
0.4750104464008493
0.4855593838874072
0.49574925289341154
0.5056217222806138
0.5152102211529067
0.5245419020204819
0.5336390420707444
0.5425200674181059
0.5512003175068189
0.5596926261650289
0.568007770605999
0.5761548235624651
0.5841414331789205
0.5919740482529287
0.5996581015353356
0.6071981604740477
0.6145980523797847
0.6218609692897675
0.6289895565431549
0.635985988176734
0.642852031553353
0.6495891031156635
0.6561983167672167
0.6626805260879988
0.6690363613458612
0.6752662620901403
0.6813705059842572
0.6873492343935527
0.6932024751888629
0.6989301631406848
0.7045321582130926
0.710008262042652
0.7153582328299832
0.7205817988644742
0.7256786708440888
0.7306485531707889
0.7354911543567123
0.7402061966641719
0.7447934251140726
0.7492526159465651
0.7535835846501135
0.7577861936336412
0.7618603596305549
0.7658060608953382
0.769623344271842
0.7733123321785721
0.7768732295685875
0.78030633089283
0.7836120271120711
0.7867908127660558
0.7898432931170827
0.7927701913518947
0.7955723558375057
0.7982507673847891
0.8008065464712452
0.8032409603547526
0.805555429977264
0.8077515365597646
0.8098310277446727
0.8117958231396095
0.8136480190788804
0.8153898924240657
0.8170239031874362
0.8185526957691863
0.8199790985779695
0.8213061218268513
0.822536953290272
0.8236749518271292
0.8247236385221828
0.8256866853168267
0.8265679010647647
0.8273712150083942
0.8281006577333605
0.828760339754069
0.8293544279481517
0.8298871201562582
0.8303626183324625
0.8307851007226665
0.831158693595665
0.8314874431097931
0.8317752879258503
0.8320260331758678
0.832243326392892
0.8324306359505818
0.8325912325059224
0.8327281738504585
0.832844293482999
0.8329421931117881
0.8330242392003231
0.8330925635855225
0.8331490681356628
0.8331954333826829
0.8332331310633272
0.8332634405338019
0.83328746908298
