4.1608573625048025e-12
4.246401375348105e-12
4.3363313271170184e-12
4.43493102207344e-12
4.539034563323814e-12
4.652253727957144e-12
4.770023687137861e-12
4.046906244895386e-12
4.158557643713461e-12
4.281633158009607e-12
4.41103217382329e-12
4.5533880666460194e-12
4.704883181599005e-12
4.024835825007088e-12
4.172905863912012e-12
4.331595595687346e-12
4.506424553318509e-12
4.6937060655614604e-12
4.0498780809417625e-12
4.236887158476732e-12
4.4388023532914686e-12
4.660831370562093e-12
4.055541444876158e-12
4.2807821646285464e-12
4.524008053395867e-12
4.795838938686593e-12
4.216763931884534e-12
4.493248585736878e-12
4.801371839799838e-12
4.259802509585507e-12
4.582898118122563e-12
4.0918423453848655e-12
4.4300566184150355e-12
4.815487964364138e-12
4.350200193924827e-12
4.763324154915793e-12
4.3407190335432526e-12
4.791509400153055e-12
4.409706430073548e-12
4.9148511571297416e-12
4.5695392372499155e-12
4.27300680844752e-12
4.837775596386863e-12
4.581030931779937e-12
4.361425051334705e-12
4.182669720779585e-12
4.861679829988843e-12
4.734046898038543e-12
4.6473394117548306e-12
4.600142904764019e-12
4.596674041459548e-12
4.6385035057638495e-12
4.726162754294951e-12
4.866610107982432e-12
5.06820920050434e-12
4.4703095036886555e-12
4.778575362355316e-12
5.171989897369087e-12
4.7592152357611125e-12
4.460977428860701e-12
5.055924093776711e-12
4.911066549865982e-12
4.85780594295565e-12
4.9124087713401064e-12
5.079681406268269e-12
5.3781291451145995e-12
4.95694840928499e-12
5.536337575845175e-12
5.417764719931476e-12
5.481437768928154e-12
5.7497826179568035e-12
5.369429256015913e-12
6.105634056099064e-12
6.2445695422814756e-12
5.8011811510421e-12
5.719386753143096e-12
6.0092288488830505e-12
6.751887795653775e-12
6.230507294166889e-12
6.291363953787302e-12
6.9950611233030314e-12
6.726943291152228e-12
7.338423622472683e-12
7.262202884638671e-12
7.561712018190214e-12
8.504367802667416e-12
8.646759472903995e-12
9.339292383825561e-12
9.361926730689324e-12
1.0477028294180923e-11
1.1132704823905591e-11
1.1245875661391299e-11
1.2618970730517489e-11
1.3144464815678208e-11
1.485509626379229e-11
1.6297018823421273e-11
1.860817363849255e-11
2.1033967899053977e-11
2.4261665187567957e-11
0.5647171619923456
0.5694358469938346
0.5741583057784997
0.5788840633396382
0.5836125346746912
0.5883430294502278
0.5930747562865317
0.5978068267267441
0.6025382589415881
0.6072679812262962
0.6119948353197656
0.6167175795880816
0.6214348921011038
0.6261453736343502
0.6308475506066633
0.635539877998597
0.6402207422423526
0.6448884641239445
0.6495413016956808
0.654177453225026
0.6587950601840612
0.6633922102907912
0.6679669406193489
0.6725172407805083
0.677041056185076
0.6815362913980689
0.6860008135868415
0.690432456077431
0.6948290220220845
0.6991882881770263
0.7035080088063587
0.7077859197172901
0.7120197424207542
0.7162071884330898
0.7203459637193274
0.7244337732781121
0.728468325884325
0.7324473389779583
0.7363685437095715
0.7402296901540353
0.7440285526755046
0.7477629354701446
0.751430678270083
0.7550296622182919
0.7585578159241315
0.7620131216871727
0.7653936218974903
0.7686974256205412
0.77192271535144
0.7750677539497985
0.7781308917427855
0.7811105738040452
0.7840053473849881
0.7868138694990028
0.7895349146384515
0.7921673826044222
0.7947103064220307
0.7971628603064235
0.7995243676356822
0.8017943088758092
0.8039723293964788
0.8060582470876889
0.8080520596996803
0.8099539517863432
0.8117643011376595
0.8134836845506294
0.8151128828034702
0.8166528846433176
0.8181048896323988
0.8194703096422287
0.820750768824246
0.8219481018573773
0.8230643502907157
0.8241017568152973
0.8250627573313409
0.8259499706836927
0.8267661860198681
0.8275143477345519
0.8281975380666048
0.8288189574432098
0.8293819027778667
0.8298897439701526
0.8303458989671839
0.8307538077876637
0.8311169060066755
0.8314385982224385
0.8317222320910543
0.8319710735010328
0.8321882834751239
0.8323768973198387
0.8325398065013302
0.8326797436026941
0.8327992706281948
0.8329007707556193
0.8329864435378637
0.8330583034002995
0.833118181212958
0.8331677286678151
0.8332084252286137
0.833241587547175
0.8332683814838597
0.8332898372272681
