3.856116507607592e-12
3.942110829642867e-12
4.034178584927466e-12
3.32573138599961e-12
3.4109223378136807e-12
3.5027128798941645e-12
3.5998948568291727e-12
3.704309285158103e-12
3.815969699375365e-12
3.935470492901892e-12
4.066084389791047e-12
3.3907215665275246e-12
3.514441183431472e-12
3.647472469724754e-12
3.791267608651325e-12
3.9462520630806065e-12
4.115888207416588e-12
3.471828263278063e-12
3.636127621322662e-12
3.813839953717161e-12
4.008624988009436e-12
3.4127897150676477e-12
3.605571173385808e-12
3.815818159907933e-12
4.048175916559847e-12
3.485033434740248e-12
3.719074271108886e-12
3.977021098160329e-12
4.266303565145628e-12
3.720961416643532e-12
4.015808071710452e-12
3.5288452645483104e-12
3.836313136395464e-12
4.18306515358963e-12
3.722061422947106e-12
4.091099383338756e-12
3.6733761682602754e-12
4.0715249409387364e-12
3.693438990237516e-12
4.1311529629582976e-12
3.789050086579505e-12
4.279709626140696e-12
3.973475560846279e-12
3.710741785971488e-12
4.2631734399007175e-12
4.0394414485001184e-12
3.853049485154381e-12
4.512319460045592e-12
4.3734754444610054e-12
4.2752084422827694e-12
4.215352432039232e-12
4.196512311805833e-12
4.219164520540042e-12
4.2858705135521795e-12
4.4010266352745214e-12
4.570020237140684e-12
4.801386951001801e-12
4.244323644670609e-12
4.5805076161895e-12
5.010808611992517e-12
4.641878594588151e-12
4.379592007982394e-12
5.02622018539722e-12
4.9204759578881835e-12
4.920780545804532e-12
5.030457136433012e-12
5.262105632355036e-12
4.773210862826154e-12
5.257929879724897e-12
5.059763266907899e-12
5.031954750722706e-12
5.180953271423302e-12
5.53545553998108e-12
5.2796959422958715e-12
6.1224454767424e-12
5.532057294973095e-12
6.114710143177431e-12
6.201549352261101e-12
6.713306758319743e-12
6.806151454710339e-12
6.5665010957785825e-12
6.945978380339019e-12
7.1691226843410336e-12
7.358671849323539e-12
7.662908920699401e-12
8.28006710966777e-12
8.554325344943183e-12
8.801404450800959e-12
9.444385219444402e-12
1.0148008716104127e-11
1.0769011709243989e-11
1.1505693021946177e-11
1.2143932058058632e-11
1.3344401509144632e-11
1.448262114627579e-11
1.5974415116313407e-11
1.77639331055594e-11
1.9490594827982156e-11
2.3308259308203303e-11
2.7330930087651642e-11
0.5535790178610642
0.5590020342163664
0.5643967316357428
0.5697644990105266
0.5751064304727768
0.5804233532633619
0.5857158517760992
0.5909842884377131
0.5962288219619569
0.6014494234069807
0.6066458903972822
0.6118178598109313
0.6169648191642003
0.6220861169083249
0.6271809718080709
0.6322484815433528
0.6372876306554164
0.6422972979443824
0.6472762634098492
0.6522232147997247
0.6571367538387805
0.6620154021971504
0.6668576072395179
0.6716617476024342
0.6764261386310145
0.6811490377200583
0.6858286495684965
0.6904631313919394
0.6950505981032216
0.6995891274857702
0.7040767653777662
0.7085115308788008
0.7128914216057117
0.7172144189924962
0.7214784936651871
0.7256816108902634
0.7298217361161297
0.7338968406052012
0.7379049071807497
0.74184393608541
0.7457119509644267
0.7495070049755354
0.7532271870432816
0.7568706282487782
0.7604355083713724
0.7639200625822092
0.7673225882939175
0.7706414521686891
0.7738750972854839
0.7770220504651514
0.7800809297498013
0.7830504520296614
0.7859294408068254
0.7887168340805473
0.7914116923330088
0.794013206587583
0.7965207065035134
0.7989336684614673
0.8012517235829808
0.8034746656194266
0.8056024586184967
0.80763524428583
0.8095733489201413
0.8114172897993558
0.8131677808751331
0.8148257376195333
0.8163922808543402
0.8178687393876882
0.8192566512635443
0.8205577634492643
0.8217740297687771
0.8229076069123424
0.8239608483718981
0.8249362961659975
0.8258366702749182
0.8266648557293491
0.8274238873616745
0.8281169322838994
0.8287472702260841
0.8293182719283606
0.8298333758681592
0.8302960636552232
0.830709834501862
0.8310781792266869
0.8314045542958555
0.8316923564238816
0.8319448982783357
0.832165385804496
0.8323568976592914
0.8325223671864791
0.8326645672764788
0.8327860983816987
0.8328893798257632
0.8329766444544373
0.833049936561003
0.8331111129286226
0.8331618467650743
0.8332036342749886
0.8332378036317974
0.8332655261964399
0.8332878299792609
