3.35946969593721e-12
3.410375771190614e-12
3.4644239458903403e-12
3.5216568082441848e-12
3.5825223425235403e-12
3.64709662538269e-12
3.715751133010886e-12
3.788775889700602e-12
3.8664645922705544e-12
3.949238713366107e-12
4.03747124641031e-12
4.131532753955265e-12
3.41357033728262e-12
3.5013967244611235e-12
3.595281876252389e-12
3.695835782029239e-12
3.803605384331327e-12
3.919217038278197e-12
4.043372631656971e-12
4.176863327641852e-12
3.4963047489917814e-12
3.623301562269131e-12
3.760388148539768e-12
3.908534910338811e-12
4.068872154163865e-12
4.242624068163416e-12
3.59713147561623e-12
3.765700055287519e-12
3.949312593510883e-12
4.1496333278685814e-12
4.36854332762848e-12
3.7526407207243245e-12
3.969415010462479e-12
4.207758838902954e-12
3.6483227594331915e-12
3.8878512377610536e-12
4.153025943976397e-12
4.4472554466989374e-12
3.909153020963939e-12
4.2114470175130365e-12
4.549567493156938e-12
4.0463917894186655e-12
4.400544011510476e-12
3.948637554567957e-12
4.325090778435242e-12
3.917812232396337e-12
4.324371869299854e-12
3.956971807388656e-12
4.403647074726113e-12
4.073280190321698e-12
4.573179678479586e-12
4.279253477675045e-12
4.849968478455148e-12
4.594658677955693e-12
4.384175660744861e-12
4.214605895193265e-12
4.884949838261665e-12
4.763322039262479e-12
4.683273151022139e-12
4.64421636000933e-12
4.646651726459689e-12
4.692230045363484e-12
4.783903274822546e-12
4.926188448821458e-12
5.125449883592299e-12
5.390397423615591e-12
4.8749210555400185e-12
5.255706432463357e-12
5.735417273127899e-12
5.424027453542632e-12
5.220619606536345e-12
5.953500173533088e-12
5.934877572412573e-12
6.035072044432815e-12
6.265499637654245e-12
5.77152763296144e-12
6.279699875860633e-12
6.1083863537416e-12
6.9955998872931945e-12
6.342069356110825e-12
6.788547627182868e-12
7.52409121012348e-12
7.669755540199941e-12
7.277288532554226e-12
8.162586434559079e-12
8.62227330449892e-12
8.696253629055104e-12
8.498455839926181e-12
9.011792613966047e-12
9.48301240161173e-12
1.0075644243811936e-11
1.1010506371568646e-11
1.1654672153925468e-11
1.2382187724491102e-11
1.3714411077978372e-11
1.4495320418364248e-11
1.5769231239570304e-11
1.8147605426302173e-11
2.0259416872150902e-11
2.325776011623336e-11
2.7581842378344173e-11
3.3823699747544376e-11
4.4084813116665454e-11
6.451576477613628e-11
1.2315577141181214e-10
1.6528662978578741e-9
0.4799109386432583
0.49036005854589093
0.5004508147615048
0.5102243369211172
0.5197138004966743
0.5289462867254042
0.5379441169675759
0.5467258325379127
0.5553069291064643
0.5637004172871172
0.5719172576464568
0.5799667033374917
0.5878565736783198
0.5955934753421357
0.603182983256996
0.6106297901166474
0.6179378311708963
0.6251103893021599
0.6321501842307039
0.6390594488139814
0.6458399947563928
0.6524932695360971
0.6590204060117392
0.665422265871054
0.6716994778490598
0.6778524715026646
0.6838815071645405
0.6897867026032297
0.6955680568383088
0.7012254714753752
0.7067587698828776
0.7121677144830327
0.7174520223943152
0.7226113796275996
0.7276454540306079
0.7325539071227869
0.7373364049887978
0.7419926283376789
0.7465222818701134
0.7509251030387774
0.755200870320903
0.759349411080824
0.7633706091147964
0.7672644119428313
0.7710308379304511
0.7746699832908167
0.7781820290241717
0.7815672478424928
0.7848260111040902
0.7879587957963379
0.7909661915685235
0.7938489078182763
0.7966077808147088
0.7992437808305389
0.8017580192238988
0.8041517554150177
0.8064264036592536
0.808583539511483
0.8106249058503457
0.8125524183150344
0.8143681699747576
0.8160744350551867
0.8176736715095634
0.8191685222247048
0.8205618146469001
0.8218565586028967
0.8230559421220951
0.8241633250636147
0.8251822303929915
0.8261163329914479
0.826969445918348
0.8277455041255114
0.8284485456679744
0.829082690540606
0.8296521173415289
0.8301610380442659
0.8306136712255707
0.8310142141825536
0.8313668144169278
0.8316755410256276
0.8319443565714509
0.8321770900317138
0.832377411431112
0.8325488087596401
0.8326945677448996
0.8328177550208653
0.8329212051577389
0.8330075119502682
0.8330790242543858
0.8331378465390459
0.8331858441736791
0.8332246533057401
0.8332556950032382
0.8332801931516569
0.8332991954218877
