1.0e-6
1.0e-6
1.0e-6
1.0e-6
1.0e-6
1.0e-6
1.0e-6
1.0e-6
1.0e-6
1.0e-6
1.0e-6
1.0e-6
1.0e-6
1.0e-6
1.0e-6
1.0e-6
1.0e-6
1.0e-6
1.0e-6
1.0e-6
1.0e-6
1.0e-6
1.0e-6
1.0e-6
1.0e-6
0.00024399999999999997
0.00115278
0.5592137593120344
0.5713034448277586
0.5882657229642349
0.6109790010499475
0.6323281435928204
0.6527949202539873
0.672772411379431
0.6920779361031949
0.7101904304784761
0.7274390080495975
0.743615179241038
0.758610809459527
0.7722684565771711
0.7845648417579121
0.7953858807059646
0.804700414979251
0.8124435378231089
0.8187285035748213
0.823598800059997
0.8271489725513722
0.8296953852307384
0.8313597520123993
0.8322907754612271
0.832873266336683
0.8331684715764212
0.8332667666616668
