3.5353767094340905e-12
3.658522173782619e-12
3.793251019183619e-12
3.938843484900293e-12
4.096347156400438e-12
3.439121972425299e-12
3.5921135735834344e-12
3.7581290961261526e-12
3.942029587280388e-12
4.142403391635047e-12
3.5192175776621865e-12
3.716609008934043e-12
3.936174952357376e-12
4.179601459756391e-12
3.5922531867045426e-12
3.836701349458619e-12
4.111839967201392e-12
3.5701677424681027e-12
3.85192789627938e-12
4.1717519622732166e-12
3.6658512103064665e-12
4.001186094555042e-12
3.547648677801654e-12
3.907673944674226e-12
3.4989097467575133e-12
3.892343554032382e-12
3.5234440006687118e-12
3.962479496832858e-12
3.6304954886281566e-12
4.131423974627863e-12
3.8386717359307665e-12
3.5922682518373788e-12
4.172765811706232e-12
3.968995038979635e-12
3.805399979945505e-12
3.684920774108697e-12
3.6023917868214855e-12
4.3701018248162794e-12
4.361727480154095e-12
4.4045749687227704e-12
3.6750894666418435e-12
3.808921456342573e-12
4.003751612205654e-12
4.270336714866365e-12
3.788179741973458e-12
4.177774585754866e-12
3.8477981476905234e-12
4.409023599167086e-12
4.238006960473637e-12
4.174673633479787e-12
4.221969379595975e-12
4.392462327929738e-12
4.714692971051298e-12
4.3252237081880025e-12
4.127537448630925e-12
4.1118890120002e-12
4.297798533077354e-12
4.736447132021279e-12
4.612929904976762e-12
4.819909084808122e-12
4.5591803655978065e-12
4.752574362177487e-12
4.649494414328227e-12
5.229918284443704e-12
4.930400512451676e-12
4.890102282724865e-12
4.628224681631513e-12
4.6941706048157526e-12
5.234954707468064e-12
5.615525134245877e-12
5.6189153288774654e-12
5.536564742609385e-12
5.79370888555042e-12
0.3420031950175416
0.3678041160352899
0.3829666638209436
0.39498358743215295
0.40533611188363666
0.4146319167370343
0.4231896654918136
0.4312004700753363
0.4387892473230228
0.44604271117372074
0.45302379329918185
0.4597797515773059
0.4663470422388511
0.47275440435068433
0.47902489680652616
0.48517729133290793
0.4912270534686353
0.49718705091512755
0.5030680761846863
0.5088792395954874
0.5146282697105367
0.520321746444257
0.5259652843271758
0.5315636783216738
0.5371210210835027
0.5426407982285977
0.5481259664065017
0.5535790178615609
0.5590020342163564
0.5643967316350854
0.5697644990102266
0.5751064304728797
0.580423353263606
0.5857158517767839
0.5909842884382126
0.5962288219626788
0.6014494234071582
0.6066458903983073
0.611817859811696
0.6169648191649827
0.6220861169085994
0.627180971808858
0.6322484815439867
0.6372876306552725
0.6422972979444193
0.6472762634102973
0.6522232147999837
0.6571367538391701
0.662015402197385
0.6668576072405686
0.6716617476046814
0.6764261386536061
0.6811490377264711
0.6858286495743465
0.6904631313977899
0.6950505981090007
0.6995891274915016
0.7040767653835084
0.7085115308845453
0.7128914216115263
0.7172144189976555
0.7214784936704586
0.7256816108964266
0.7298217361216611
0.7338968406108328
0.7379049071864822
0.7418439360912348
0.7457119509695767
0.749507004980732
0.753227187048495
0.7568706282539726
0.7604355083765071
0.7639200625872384
0.767322588298791
0.7706414521733534
0.7738750972898831
0.7770220504699477
0.7800809297541026
0.7830504520340336
0.7859294408109087
0.7887168340960891
0.7914116923329076
0.7940132065871445
0.7965207065032922
0.798933668461139
0.8012517235834105
0.8034746656193225
0.8056024586186774
0.8076352442856342
0.809573348920306
0.811417289799266
0.8131677808748106
0.8148257376190022
0.8163922808548496
0.8178687393880139
0.8192566512637084
0.8205577634492893
0.8217740297686847
0.8229076069127281
0.8239608483721426
0.8249362961661231
0.8258366702749458
0.8266648557292978
0.8274238873615625
0.8281169322842187
0.8287472702263047
0.8293182719285007
0.8298333758682351
0.8302960636552494
0.8307098345018512
0.8310781792270365
0.8314045542961213
0.8316923564237181
0.8319448982781555
0.8321653858043278
0.8323568976549046
0.8325223671865081
0.8326645672764731
0.8327860983816839
0.8328893798257421
0.8329766444544091
0.8330499365609674
0.833111112928579
0.833161846765022
0.8332036342747313
0.833237803631565
0.8332655261962336
0.8332878299790806
