0.833297605119744
0.8331136943152843
0.8329169341532923
0.8323264836758161
0.8313226438678067
0.8296432078396081
0.827198430078496
0.8236460976951153
0.818740392980351
0.8124318684065795
0.8047815409229538
0.7953831208439578
0.7847061046947653
0.7723661316934153
0.758630778461077
0.7437715614219289
0.727591230438478
0.7101305134743263
0.6920111294435278
0.6728517374131292
0.652810379481026
0.6323712814359282
0.6108122793860308
0.5885985600719964
0.5652401779911005
0.5407117344132794
0.5129463426828659
0.4827170941452926
0.4413673116344183
0.00012834358282085899
0.00012124393780310989
9.602519874006302e-5
6.966651667416631e-5
4.9167541622918856e-5
4.7247637618119094e-5
3.529823508824558e-5
2.7228638568071594e-5
2.0928953552322386e-5
2.0518974051297437e-5
1.8299085045747712e-5
1.4549272536373183e-5
8.979551022448879e-6
6.249687515624219e-6
4.55977201139943e-6
1.2999350032498377e-6
8.899555022248887e-7
6.999650017499125e-7
3.899805009749513e-7
0.0
0.0
0.0
0.0
