3.878392213445378e-12
3.907846660057782e-12
3.9367762790535986e-12
3.96602244801542e-12
3.998149978831938e-12
4.034133530187841e-12
3.2632455279992867e-12
3.2926122605145603e-12
3.3248478519034204e-12
3.361083376524635e-12
3.3979968509727196e-12
3.4350462363837632e-12
3.4771507234834423e-12
3.5205835533807905e-12
3.5685064126916e-12
3.616615980501382e-12
3.669225910578463e-12
3.72286499040865e-12
3.782164647888265e-12
3.844803641146961e-12
3.911165131614443e-12
3.9831523402040475e-12
4.058515261759099e-12
3.3263423228952546e-12
3.3950003185453923e-12
3.470515486433154e-12
3.5499593278544403e-12
3.6372864709352463e-12
3.728277991788434e-12
3.826914134839896e-12
3.93546658688407e-12
4.048299657961899e-12
3.3587269954695492e-12
3.4687192647782955e-12
3.5862804563979397e-12
3.713879470840907e-12
3.8515251806236705e-12
4.001374096945163e-12
4.164195645409919e-12
3.5054899511138454e-12
3.664941736050886e-12
3.836643303269173e-12
4.026682551077101e-12
3.4272540479187145e-12
3.6171558673951203e-12
3.825519386989305e-12
4.05322515152955e-12
3.4950248892250886e-12
3.729322902547906e-12
3.990221219256733e-12
4.285384824499826e-12
3.7535699879074564e-12
4.057951919971791e-12
3.5869501502861757e-12
3.911894684416883e-12
4.284015564686947e-12
3.845264727281424e-12
4.250363663794514e-12
3.858726683723319e-12
4.31250816609766e-12
3.967571327033104e-12
4.484795949352133e-12
4.185913461024702e-12
3.94041694855187e-12
4.5446255024605675e-12
4.3489810610308845e-12
4.201443293600637e-12
4.102426241946752e-12
4.046303845861398e-12
4.867316772773063e-12
4.904793866376007e-12
4.164697703377733e-12
4.310044959482232e-12
4.525182606170884e-12
4.817948473680829e-12
5.205056350789238e-12
4.804239847515188e-12
4.527588244279079e-12
5.1667332662231924e-12
5.0860456231779946e-12
5.127658403026814e-12
5.306602778230002e-12
5.643006640494759e-12
5.286470845333063e-12
5.977067696861422e-12
6.011016426326733e-12
6.2931696620253305e-12
5.9622386248389085e-12
5.948861667461146e-12
6.265082181109408e-12
6.991601854053317e-12
7.300630622504646e-12
7.256322485319447e-12
7.852375347389759e-12
8.305379510418408e-12
8.75625178422947e-12
8.47985007316461e-12
9.524541764195437e-12
9.496363842005436e-12
1.061189079181268e-11
1.1655430556479689e-11
1.2518070597457218e-11
1.3501807630432338e-11
1.5534976509775514e-11
1.7905437694119217e-11
2.1111663040691498e-11
2.5455030155479125e-11
3.1791009335672873e-11
4.414534129210131e-11
7.095481382256681e-11
0.6406947331319454
0.6455403083846546
0.6503431368054804
0.6551042651814669
0.6598244479051578
0.6645041754339224
0.6691436990409958
0.6737430525050314
0.6783020712799688
0.6828204095591474
0.6872975555942187
0.6917328455555134
0.6961254761760592
0.7004745163716782
0.7047789180101529
0.7090375259619277
0.7132490875473158
0.7174122614821067
0.7215256263963876
0.7255876889980392
0.7295968919339115
0.7335516214046046
0.7374502145605344
0.7412909667258655
0.7450721384711368
0.7487919625628694
0.7524486508117134
0.7560404008396566
0.7595654027828708
0.7630218459542488
0.7664079254780995
0.7697218489196515
0.7729618429341583
0.7761261599565568
0.7792130849587613
0.7822209423098413
0.7851481027719144
0.7879929906702781
0.7907540912865396
0.7934299585203999
0.7960192228752381
0.7985205998245695
0.8009328986195114
0.8032550315987541
0.8054860240618786
0.8076250247636021
0.8096713170798306
0.8116243308858125
0.8134836551697024
0.8152490513844257
0.8169204675093258
0.8184980527567004
0.8199821728113703
0.8213734254334718
0.8226726561897588
0.8238809739968648
0.8249997660772761
0.8260307118287933
0.8269757950086714
0.8278373135321345
0.828617886086467
0.8293204546767889
0.8299482821620563
0.8305049438120174
0.8309943119417718
0.8314205327752919
0.8317879948538063
0.8321012885810248
0.832365156859035
0.8325844372515712
0.8327639966751692
0.8329086602692707
0.8330231367617389
0.8331119432991531
0.8331793332351884
0.8332292307235996
0.8332651759982191
0.8332902849223189
0.8333072256531963
0.8333182141359095
0.8333250286633438
0.8333290420667312
0.8333312684383797
0.8333324198871587
0.8333329679382765
0.8333332040096169
0.8333332940140487
0.8333333234811257
0.83333333141889
0.8333333330709023
0.8333333333117079
