3.8083866720362056e-12
3.896851464192734e-12
3.991494341157187e-12
4.092857946503671e-12
3.377682140909232e-12
3.4721839564581695e-12
3.57373566893052e-12
3.683005833797384e-12
3.800702548395987e-12
3.927651946459183e-12
4.0647731772495145e-12
3.3928206896726105e-12
3.52320012670864e-12
3.664676305888294e-12
3.818444918758021e-12
3.985861960930867e-12
4.168438177140646e-12
3.5242994368382918e-12
3.7018626679554295e-12
3.896692161975765e-12
4.110925025063636e-12
3.512902860781661e-12
3.725215312989671e-12
3.9603635588239604e-12
4.221462939656858e-12
3.653018014484243e-12
3.9176552539128274e-12
4.21403636368129e-12
3.687001623303456e-12
3.993431616422154e-12
3.523238921029186e-12
3.844886883787172e-12
4.211421407903406e-12
3.7663250910434904e-12
4.16069365249183e-12
3.7593164361759255e-12
4.191705795875038e-12
3.8298205994257116e-12
4.313732516325818e-12
3.9894412414037165e-12
3.715025993528742e-12
4.2576676386714895e-12
4.019953493456587e-12
3.825382893145501e-12
4.4718689302740816e-12
4.322993600487826e-12
4.2165801360695194e-12
4.151427017857433e-12
4.127509667993481e-12
4.146052219286419e-12
4.209717807517105e-12
4.32284852271735e-12
4.491889405703434e-12
4.72595453160476e-12
4.184236353960089e-12
4.528516407988341e-12
4.972953232673539e-12
4.626727093245793e-12
4.3890035010900645e-12
5.077243959345713e-12
5.015842291672852e-12
5.0706420372094595e-12
5.253230176340322e-12
4.7101859999600294e-12
5.1614399234780214e-12
4.934341860490251e-12
4.8939239158685146e-12
5.050829411215417e-12
5.44346953723621e-12
5.254198991122311e-12
5.371294806255677e-12
5.85398258510917e-12
5.901856846470223e-12
5.609248579266754e-12
5.946079089451542e-12
6.23221289911748e-12
5.853820473467278e-12
6.048229473473784e-12
6.6348363385371935e-12
7.211170942579135e-12
7.234877596837091e-12
7.30371618300558e-12
7.593409746171316e-12
0.38710527012038776
0.40978937980587943
0.42511932692022875
0.43757179501396176
0.44839352323037285
0.45814318944620125
0.46712708809564246
0.4755339589079824
0.4834894277655525
0.4910818280132249
0.498375870915493
0.5054204901520248
0.5122536302006927
0.5189053161833243
0.5253997021243756
0.5317564837106367
0.5379919004098099
0.544119463576588
0.5501504965855083
0.5560945428847611
0.5619596792602284
0.567752759812618
0.5734796084261472
0.5791451723959603
0.584753646361346
0.590308573270645
0.5958129273960522
0.6012691831721737
0.6066793727450589
0.6120451344677025
0.6173677540713688
0.6226481998794712
0.6278871531604415
0.6330850344689135
0.6382420266936125
0.6433580953729289
0.6484330067360909
0.6534663438669046
0.6584575212947409
0.663405798279931
0.6683102910155114
0.6731699839268271
0.6779837402323489
0.6827503119041938
0.687468348822143
0.6921364085060219
0.6967529640447165
0.7013164129460414
0.7058250853022758
0.7102772518830974
0.7146711321214276
0.7190049020347488
0.7232767020941768
0.7274846450840003
0.7316268239652858
0.7357013197536051
0.7397062094387002
0.7436395739460175
0.7474995061528862
0.7512841189649655
0.7549915534574467
0.7586199870838797
0.7621676419540272
0.765632793180776
0.7690137772947495
0.7723090007238123
0.7755169483336832
0.7786361920188603
0.7816653993466944
0.7846033422241838
0.7874489055953625
0.7902010961023826
0.7928590507987404
0.7954220456843004
0.7978895042361365
0.8002610057422017
0.8025362934332375
0.804715282328696
0.8067980667152781
0.8087849271541233
0.8106763369048797
0.8124729676468609
0.814175694342589
0.8157855991006772
0.8173039738658439
0.818732321774492
0.8200723569880218
0.8213260028397641
0.8224953881260284
0.8235828413908352
0.8245908830757708
0.8255222154371715
0.8263797101720853
0.8271663937419828
0.8278854304383353
0.8285401032957629
0.8291337930247606
0.8296699552047757
0.8301520960468777
0.830583747100253
0.8309684393348049
0.8313096770796561
0.8316109123304475
0.8318755199571624
0.832106774332788
0.8323078278866886
0.8324816920630921
0.8326312209752228
0.832759098216301
0.8328678268619849
0.8329597228509485
0.8330369116899845
0.8331013283660832
0.8331547202607616
0.8331986528082919
0.8332345176255073
0.8332635428772129
0.8332868057383658
