3.592066053108418e-12
3.6042780588204718e-12
3.617892807366405e-12
3.631588283700035e-12
3.646350206847698e-12
3.661180407095414e-12
3.67750089809505e-12
3.694120254476884e-12
3.712195768800208e-12
3.7300390792492046e-12
3.749779331878921e-12
3.770936262628379e-12
3.792053978196967e-12
3.815643199762224e-12
3.839205788939631e-12
3.865471566518495e-12
3.8914672465823064e-12
3.91995998436875e-12
3.9500386495238295e-12
3.981354738399881e-12
4.0140347750474065e-12
3.2461368107930893e-12
3.2762551778568476e-12
3.3075976555161335e-12
3.340752069240735e-12
3.376442790989568e-12
3.4145459173269073e-12
3.453649071434871e-12
3.495678530579276e-12
3.5400077433596112e-12
3.5877471584122127e-12
3.6375472415555947e-12
3.691498743984222e-12
3.7476482522631664e-12
3.807723377023223e-12
3.8723106245129114e-12
3.940684420084633e-12
4.013717772680229e-12
3.2866732230627927e-12
3.3545294431416003e-12
3.4258771167081564e-12
3.503008015973565e-12
3.585995288596072e-12
3.6739040957854924e-12
3.768494991716281e-12
3.870457808454649e-12
3.980120747982449e-12
4.098612275720218e-12
3.4032715721693237e-12
3.516248107468134e-12
3.63688228168e-12
3.768049679753211e-12
3.910439104692434e-12
4.065462065712275e-12
3.417830480110596e-12
3.5681177275307198e-12
3.732238192987493e-12
3.911638062039497e-12
4.109761534905442e-12
3.501046529282857e-12
3.6974496991516604e-12
3.914128412091982e-12
4.155030618614624e-12
3.5863741231105124e-12
3.8316836836862e-12
4.1057318334585445e-12
3.586212401760999e-12
3.870926647788103e-12
4.1927631262287834e-12
3.711977955236474e-12
4.055447294149899e-12
3.6279240697474024e-12
4.000580896173838e-12
4.430561197868054e-12
4.033072903080758e-12
4.514780550130255e-12
4.16436728541419e-12
3.8714792580124635e-12
4.416146205306184e-12
4.168131293800441e-12
3.971271159940285e-12
4.627668274843667e-12
4.487252545149883e-12
4.395397464843007e-12
4.352405315676992e-12
4.359964896100505e-12
4.418711302407133e-12
4.5362462664575516e-12
4.7174149040016096e-12
4.974901741742452e-12
4.459493923858328e-12
4.855342916720183e-12
4.521320188342929e-12
5.098309165024723e-12
4.9502923986500805e-12
4.920510168981144e-12
5.015484787918978e-12
5.249429239842055e-12
5.647930330347427e-12
5.36324411778173e-12
5.284733499515984e-12
6.274526252043151e-12
5.777332248656318e-12
6.437529399649384e-12
6.546816662892888e-12
6.161078112389858e-12
7.050040955947343e-12
6.6874419539162866e-12
7.771259551250517e-12
7.746669809307885e-12
7.649068259985856e-12
8.488598413844782e-12
8.711569107630773e-12
9.460617863645448e-12
1.0193795751369807e-11
1.1392854153320365e-11
1.1869836525385114e-11
1.3538206193590437e-11
1.4095918530063517e-11
1.6742307734361715e-11
1.8614475909324897e-11
2.256659176497808e-11
2.734364860782449e-11
3.579125865636961e-11
5.1292037423862976e-11
9.56272547968107e-11
0.6442530528675827
0.6489221876870419
0.6535578592232952
0.6581608022495365
0.6627314991002787
0.6672702016286848
0.6717769503786323
0.6762515914380326
0.6806937913807731
0.6851030506039963
0.6894787153411254
0.6938199885571839
0.6981259399212749
0.7023955150004337
0.7066275438109282
0.7108207488297086
0.7149737525562261
0.719085084705676
0.7231531890918967
0.7271764302569291
0.7311530998887857
0.7350814230721695
0.7389595643929601
0.7427856339338695
0.7465576931769567
0.750273760835391
0.7539318186315355
0.7575298170377148
0.7610656809961505
0.7645373156329215
0.7679426119890642
0.7712794527847999
0.7745457182439467
0.7777392920114715
0.7808580671975981
0.7838999525921195
0.7868628791057725
0.789744806499925
0.792543730478702
0.7952576902361564
0.7978847765582212
0.80042314059964
0.8028710034705968
0.805226666784793
0.8074885243370992
0.8096550750942592
0.8117249376954269
0.8136968666676732
0.8155697705668946
0.8173427322478447
0.8190150314521738
0.8205861698714222
0.8220558987903913
0.8234242493393005
0.8246915652733796
0.825858538050401
0.8269262437796465
0.8278961813642318
0.8287703108437539
0.8295510905626715
0.8302415113310777
0.8308451252310151
0.8313660661443264
0.8318090584867406
0.8321794100711494
0.8324829845600942
0.8327261487547084
0.8329156901196589
0.8330587007212538
0.8331624253826737
0.833234074632237
0.8332806071886737
0.8333084924373754
0.8333234704931909
0.8333303354679524
