0.0	0.0
0.0	0.0
0.0	0.0
0.0	0.0
0.0	0.0
0.0	0.0
0.0	0.0
0.0	0.0
0.0	0.0
0.0	0.0
0.0	0.0
0.0	0.0
0.0	0.0
0.0	0.0
0.0	0.0
0.0	0.0
0.0	0.0
0.0	0.0
0.0	0.0
0.0	0.0
0.0	0.0
0.0	0.0
0.0	0.0
0.0	0.0
0.0	0.0
0.0	0.0
0.0	0.0
0.0	0.0
0.0005517683299508495	0.0009832066334793037
0.0008745583129006818	0.001063537409340099
0.0013448817355050616	0.0018779265411002198
0.003172793401146268	0.005950640761034948
0.16026			0.00811923
0.33533730456334326	0.002276749032335188
0.45945640473078386	0.0006614310001365514
0.5587792855255197	0.0002796045489845408
0.614351027346592	0.00017329222076804026
0.6528061658141582	0.0001227769492682954
0.6826729785959681	0.00010013676341374082
0.7078069361838031	8.501963338322035e-5
0.7293041062232603	6.982814643754596e-5
0.7480597704808637	6.080312458058203e-5
0.7645596393649705	5.419306584976183e-5
0.7791993971729984	4.811847404912404e-5
0.7917982060080669	4.468944443793478e-5
0.8025969721922067	4.106759380525951e-5
0.8117348418293371	3.888338139147829e-5
0.8191191971013694	3.6665163576606737e-5
0.824813993994178	3.467054261474828e-5
0.8288049271005838	3.5069948992570384e-5
0.8313605136069727	3.3715509354936584e-5
0.8327062932567657	3.3702003073033036e-5
0.8332164106080412	3.40414465091006e-5
0.8332974575761009	3.415352346586652e-5
