3.5920660531037422e-12
3.6042780588137518e-12
3.6178928073356352e-12
3.6315882836677006e-12
3.6463502068316506e-12
3.661180407100072e-12
3.677500898083634e-12
3.6941202544502876e-12
3.7121957687717075e-12
3.730039079221869e-12
3.74977933187386e-12
3.770936262609467e-12
3.7920539781627e-12
3.8156431997260206e-12
3.839205788903152e-12
3.865471566476452e-12
3.891467246560302e-12
3.919959984327341e-12
3.950038649476055e-12
3.9813547383896046e-12
4.014034774990802e-12
3.2461368107460087e-12
3.27625517782972e-12
3.3075976554571387e-12
3.340752069188569e-12
3.376442790920677e-12
3.4145459172676605e-12
3.453649071387173e-12
3.4956785305962535e-12
3.5400077432767825e-12
3.5877471583846483e-12
3.637547241536918e-12
3.691498743890741e-12
3.747648252185503e-12
3.807723376906137e-12
3.87231062440905e-12
3.940684419997635e-12
4.013717772584031e-12
3.286673222979283e-12
3.354529443062339e-12
3.4258771166100192e-12
3.503008015863013e-12
3.585995288480606e-12
3.673904095678761e-12
3.768494991591012e-12
3.8704578083163135e-12
3.980120747849051e-12
4.098612275576538e-12
3.403271572031481e-12
3.5162481073293596e-12
3.6368822815164277e-12
3.768049679625933e-12
3.910439104575196e-12
4.0654620655708885e-12
3.417830480053314e-12
3.5681177273726814e-12
3.7322381928277706e-12
3.911638061839106e-12
4.1097615347609846e-12
3.501046529130828e-12
3.69744969901636e-12
3.914128411973108e-12
4.1550306183577484e-12
3.5863741229371797e-12
3.8316836836085645e-12
4.105731833167623e-12
3.5862124015911216e-12
3.87092664771638e-12
4.1927631259684106e-12
3.7119779556678994e-12
4.0554472939196034e-12
3.627924069583053e-12
4.000580896059948e-12
4.4305611976128395e-12
4.033072903009317e-12
4.514780549891261e-12
4.16436728533478e-12
3.871479257863706e-12
4.4161462052381836e-12
4.168131293617363e-12
3.971271159871364e-12
4.627668274691982e-12
4.487252545044409e-12
4.395397464686834e-12
4.352405315570572e-12
4.3599648959705374e-12
4.418711302108749e-12
4.536246266343372e-12
4.717414903908388e-12
4.974901741586327e-12
4.459493923808593e-12
4.8553429166589796e-12
4.521320188555127e-12
5.09830916496908e-12
4.9502923986052665e-12
4.92051016891209e-12
5.015484787884611e-12
5.249429239811593e-12
5.647930330265957e-12
5.363244117759939e-12
5.284733498092577e-12
6.274526252026268e-12
5.7773322486441085e-12
6.4375293996389724e-12
6.54681666287857e-12
6.1610781123824074e-12
7.050040955941077e-12
6.687441953917114e-12
7.771259551249464e-12
7.746669809306382e-12
7.649068259985297e-12
8.488598413844601e-12
8.711569107630642e-12
9.460617863645477e-12
1.019379575136978e-11
1.1392854153320368e-11
1.1869836525385093e-11
1.3538206193590434e-11
1.4095918530063522e-11
1.6742307734361706e-11
1.8614475909324894e-11
2.256659176497807e-11
2.734364860782449e-11
3.5791258656369615e-11
5.129203742386301e-11
9.562725479681069e-11
0.6442530528675823
0.6489221876870424
0.6535578592232953
0.6581608022495364
0.6627314991002793
0.6672702016286844
0.6717769503786326
0.6762515914380332
0.6806937913807738
0.685103050603997
0.6894787153411257
0.6938199885571832
0.6981259399212744
0.7023955150004344
0.7066275438109282
0.710820748829709
0.7149737525562265
0.7190850847056764
0.7231531890918974
0.7271764302569294
0.7311530998887852
0.7350814230721687
0.7389595643929596
0.7427856339338692
0.7465576931769564
0.7502737608353907
0.753931818631535
0.7575298170377154
0.7610656809961509
0.7645373156329216
0.7679426119890647
0.7712794527847999
0.7745457182439472
0.7777392920114718
0.7808580671975979
0.78389995259212
0.7868628791057724
0.7897448064999244
0.7925437304787026
0.7952576902361568
0.7978847765582217
0.8004231405996396
0.8028710034705969
0.8052266667847927
0.8074885243370988
0.8096550750942592
0.8117249376954269
0.8136968666676738
0.8155697705668941
0.817342732247845
0.8190150314521735
0.820586169871422
0.8220558987903908
0.8234242493392998
0.8246915652733791
0.8258585380504011
0.8269262437796472
0.8278961813642324
0.8287703108437531
0.829551090562672
0.8302415113310776
0.8308451252310155
0.8313660661443261
0.8318090584867412
0.8321794100711497
0.8324829845600936
0.8327261487547081
0.8329156901196586
0.8330587007212541
0.8331624253826733
0.8332340746322364
0.833280607188674
0.8333084924373759
0.8333234704931902
0.833330335467953
