3.5920995908303642e-12
3.6043463219003644e-12
3.6179309140647166e-12
3.6316280448045384e-12
3.646391369663422e-12
3.661223164012584e-12
3.677545883910452e-12
3.694191625094452e-12
3.7122466498222036e-12
3.730091800878779e-12
3.7498347352378705e-12
3.770994139427872e-12
3.792115003577546e-12
3.815708116666005e-12
3.83936276881871e-12
3.8655428103883e-12
3.891545777432217e-12
3.9200419298876634e-12
3.950121409560059e-12
3.981461842834158e-12
4.014129040216997e-12
3.2462157926371994e-12
3.2763399566137005e-12
3.307687158348104e-12
3.340849202210906e-12
3.3765391103248215e-12
3.4147903685922632e-12
3.4537561885319145e-12
3.4957951741185964e-12
3.5401888754827995e-12
3.5878849540943517e-12
3.637682938921728e-12
3.691650588185935e-12
3.7478873329460256e-12
3.807892295159671e-12
3.8724974665329026e-12
3.9408745420304635e-12
4.013919970197165e-12
3.2868359400393143e-12
3.354720292991323e-12
3.426075336515193e-12
3.503205915987719e-12
3.5862086930495317e-12
3.674146327915279e-12
3.768740455599112e-12
3.870731309716061e-12
3.980460986782985e-12
4.0989209872883446e-12
3.403978656065992e-12
3.516563564244105e-12
3.6372056122770545e-12
3.768396383262203e-12
3.910798879281288e-12
4.065853730006982e-12
3.4181875162692207e-12
3.5685487979451443e-12
3.732624603687954e-12
3.912226384163497e-12
4.11024898035447e-12
3.501533747021887e-12
3.698464957973643e-12
3.914759384848908e-12
4.155760335851103e-12
3.587627502327322e-12
3.832274855052789e-12
4.106958001428409e-12
3.5870415699538365e-12
3.872016960507806e-12
4.193921411069616e-12
3.7138955970249e-12
4.056299757837811e-12
3.6289622867650117e-12
4.0015193595268586e-12
4.431886424871888e-12
4.034242883619704e-12
4.516347547003934e-12
4.166271059236546e-12
3.873760468605503e-12
4.417420507041422e-12
4.170735129725304e-12
3.9724855370098454e-12
4.62975847311617e-12
4.489599986986952e-12
4.3977816332723066e-12
4.3551351789486044e-12
4.362268809667734e-12
4.4214589970674224e-12
4.5390366912954945e-12
4.719864283592061e-12
4.97770030840434e-12
4.462870024881318e-12
4.858546762575427e-12
4.523991915936381e-12
5.103435385287021e-12
4.95360078984184e-12
4.9258947753272174e-12
5.021684290199788e-12
5.255353946081411e-12
5.654120679729751e-12
5.369430668008078e-12
5.291038387860265e-12
6.282868200021404e-12
5.7865308763325315e-12
6.44711715676897e-12
6.556400531572332e-12
6.172171918484942e-12
7.063075119839777e-12
6.702002767442649e-12
7.78849559235637e-12
7.765058322313231e-12
7.66864772513834e-12
8.512355701126715e-12
8.74043339865006e-12
9.493460128181828e-12
1.0231712540156828e-11
1.144250754894698e-11
1.1926735824604e-11
1.2676430027155738e-11
1.4184097797089573e-11
1.5920395684433382e-11
1.8781232152981337e-11
2.1853636558260046e-11
2.7733854951822358e-11
3.553186077320293e-11
5.2022806674358726e-11
9.539916059827313e-11
0.6508508702315926
0.6554407432537426
0.6599974973251442
0.6645215505517639
0.6690131052454535
0.6734721660427236
0.6778985558738209
0.6822919301451904
0.6866517894188664
0.6909774908367412
0.6952682584869658
0.6995231928764403
0.7037412796530874
0.7079213976943003
0.7120623266569198
0.716162754071248
0.7202212820532086
0.7242364336878534
0.7282066591366574
0.7321303415104904
0.7360058025408766
0.7398313080879823
0.7436050734994585
0.7473252688558258
0.7509900241151284
0.7545974341799147
0.7581455639027368
0.761632453054631
0.7650561212704293
0.7684145729964867
0.7717058024691641
0.7749277987467914
0.7780785508381358
0.7811560529608431
0.7841583099852728
0.7870833431183859
0.7899291958947965
0.7926939405586495
0.7953756849258786
0.7979725798355587
0.800482827312564
0.8029046895811475
0.8052364990833026
0.8074766696766701
0.809623709197905
0.8116762335937836
0.8136329828312575
0.8154928388021759
0.8172548454343126
0.8189182312053936
0.8204824342259398
0.8219471300052411
0.8233122619385217
0.8245780744419021
0.8257451485126027
0.8268144392910203
0.8277873149461081
0.8286655958847362
0.8294515928962911
0.8301481423839158
0.8307586363081851
0.8312870439028055
0.8317379216274257
0.8321164072935192
0.8324281938665948
0.8326794782944595
0.8328768809432736
0.8330273320913835
0.833137923649975
0.8332157271126688
0.8332675828884601
0.8332998717254058
0.8333182856917186
0.8333276235105584
0.8333316415556528
