3.5920995907775604e-12
3.6043463218487625e-12
3.617930914006739e-12
3.6316280447483616e-12
3.646391369599357e-12
3.661223163937101e-12
3.677545883855344e-12
3.694191625012468e-12
3.712246649733801e-12
3.730091800807914e-12
3.749834735140302e-12
3.770994139340054e-12
3.79211500347695e-12
3.815708116580687e-12
3.839362768709444e-12
3.865542810267903e-12
3.891545777328203e-12
3.920041929761243e-12
3.9501214094503226e-12
3.981461842690249e-12
4.014129040136755e-12
3.2462157924989993e-12
3.2763399564817757e-12
3.307687158228825e-12
3.3408492020362806e-12
3.3765391101777744e-12
3.41479036844204e-12
3.4537561883777944e-12
3.4957951739137565e-12
3.540188875342137e-12
3.5878849538730728e-12
3.6376829386867336e-12
3.691650587988927e-12
3.747887332730764e-12
3.80789229491407e-12
3.872497466252367e-12
3.94087454178257e-12
4.013919969898194e-12
3.2868359398496552e-12
3.3547202927935975e-12
3.426075336271788e-12
3.5032059156644857e-12
3.5862086927888474e-12
3.674146327510129e-12
3.768740455350059e-12
3.870731309272268e-12
3.980460986467619e-12
4.0989209867986246e-12
3.403978655803926e-12
3.51656356386352e-12
3.6372056119754907e-12
3.768396382799425e-12
3.910798878926511e-12
4.065853729642077e-12
3.418187515687611e-12
3.5685487975302094e-12
3.732624603176299e-12
3.912226383715391e-12
4.1102489797346784e-12
3.5015337466586916e-12
3.698464957580695e-12
3.914759384234917e-12
4.155760335403262e-12
3.587627501938487e-12
3.832274854466838e-12
4.106958000818014e-12
3.587041569556932e-12
3.872016959856333e-12
4.1939214104691645e-12
3.713895596415014e-12
4.056299757248769e-12
3.628962286132412e-12
4.001519358965795e-12
4.431886424285601e-12
4.034242883113939e-12
4.516347546550449e-12
4.166271058708755e-12
3.8737604681968116e-12
4.417420506565059e-12
4.1707351293541015e-12
3.9724855366287914e-12
4.629758472452033e-12
4.4895999865265984e-12
4.397781632825693e-12
4.355135178401967e-12
4.3622688093971024e-12
4.421458996748749e-12
4.539036690868835e-12
4.719864283183455e-12
4.9777003080236655e-12
4.462870023542024e-12
4.8585467622576885e-12
4.523991915685987e-12
5.103435385191542e-12
4.953600789646483e-12
4.9258947751614566e-12
5.021684290058741e-12
5.255353945949071e-12
5.654120679634616e-12
5.369430667919221e-12
5.291038387372655e-12
6.282868199949005e-12
5.786530876289543e-12
6.447117156732562e-12
6.556400531539946e-12
6.17217191846808e-12
7.0630751198277905e-12
6.7020027674341436e-12
7.788495592338828e-12
7.765058322309575e-12
7.668647725105086e-12
8.512355701127261e-12
8.740433398649621e-12
9.493460128170355e-12
1.0231712539805577e-11
1.1442507548946939e-11
1.192673582460398e-11
1.2676430027155175e-11
1.4184097797089572e-11
1.5920395684433382e-11
1.878123215298132e-11
2.1853636558260056e-11
2.7733854951822348e-11
3.5531860773202916e-11
5.202280667435871e-11
9.539916059827307e-11
0.6508508702315924
0.6554407432537428
0.6599974973251446
0.6645215505517639
0.6690131052454531
0.6734721660427231
0.6778985558738213
0.6822919301451906
0.686651789418866
0.6909774908367414
0.6952682584869664
0.6995231928764398
0.7037412796530877
0.7079213976943006
0.7120623266569202
0.7161627540712474
0.7202212820532079
0.7242364336878536
0.7282066591366575
0.7321303415104901
0.7360058025408763
0.7398313080879821
0.743605073499458
0.7473252688558265
0.7509900241151277
0.7545974341799151
0.7581455639027366
0.7616324530546313
0.7650561212704288
0.7684145729964862
0.7717058024691644
0.7749277987467915
0.7780785508381364
0.7811560529608437
0.7841583099852731
0.7870833431183852
0.7899291958947972
0.792693940558649
0.7953756849258782
0.7979725798355587
0.8004828273125641
0.8029046895811469
0.805236499083302
0.8074766696766699
0.8096237091979052
0.8116762335937839
0.813632982831257
0.8154928388021767
0.817254845434312
0.8189182312053933
0.8204824342259391
0.8219471300052408
0.8233122619385213
0.8245780744419022
0.8257451485126028
0.8268144392910208
0.8277873149461084
0.8286655958847358
0.8294515928962917
0.8301481423839159
0.8307586363081847
0.831287043902806
0.831737921627426
0.8321164072935194
0.8324281938665956
0.8326794782944601
0.832876880943273
0.8330273320913835
0.8331379236499753
0.8332157271126681
0.8332675828884597
0.8332998717254066
0.8333182856917192
0.8333276235105579
0.8333316415556533
