3.8150670111514675e-12
3.8398747207337725e-12
3.866090385924617e-12
3.894151130941999e-12
3.9225935582267294e-12
3.953502539424587e-12
3.984894568776942e-12
4.019552046581746e-12
4.055413727999383e-12
3.6707949661035065e-12
3.707093351903503e-12
3.744684616547024e-12
3.784188252855198e-12
3.827448638132758e-12
3.872422411796149e-12
3.920043921584489e-12
3.969962558853171e-12
4.02370605821111e-12
4.0802024275920174e-12
3.331335799976395e-12
3.772693282317586e-12
3.833192089439272e-12
3.898480542731861e-12
3.967713862586207e-12
4.0411182970723855e-12
4.118478439287084e-12
3.3851266155600636e-12
3.852589972456312e-12
3.9383617079039345e-12
4.029617773234494e-12
4.127953308284232e-12
3.41490329019359e-12
3.903326324502636e-12
4.011459942848415e-12
4.1286182087164674e-12
3.4365970636392955e-12
3.5473893556931242e-12
4.0783501919361155e-12
4.2196530375808785e-12
3.5388105761884092e-12
4.083956758909356e-12
4.247005107203745e-12
3.584897065688511e-12
4.156013139439393e-12
3.524737262397777e-12
3.6959836514009175e-12
4.307836557337953e-12
3.682956997529694e-12
4.30961201474371e-12
3.707269725355636e-12
3.933625592745519e-12
3.772137910149343e-12
3.6277878179943164e-12
3.883891476145379e-12
3.760923900887876e-12
4.05132591547321e-12
3.952148402181979e-12
3.87158093222738e-12
4.215207091080203e-12
4.162997339087415e-12
4.131289475284853e-12
4.1186119703257044e-12
4.560614132712664e-12
4.592557363930332e-12
4.650565337006998e-12
3.9053911665410964e-12
4.006355344820303e-12
4.135625357140967e-12
4.713423468588317e-12
4.085268993960121e-12
4.309287430856875e-12
4.165966001328898e-12
4.466371361982905e-12
4.39783696197404e-12
4.800464672061839e-12
4.824397991231721e-12
4.903837058978491e-12
5.042695472539533e-12
5.2501876031242164e-12
4.66720349799839e-12
5.0011662919171344e-12
4.985759795757356e-12
5.056613001616759e-12
4.830096009105142e-12
5.495929378239071e-12
5.041146286404248e-12
5.539497046354116e-12
5.749406211801642e-12
6.124599919968198e-12
6.210783240069912e-12
5.62741516615677e-12
6.1074587503054385e-12
6.3897884046854215e-12
6.082404710664861e-12
6.481399754140278e-12
6.788409337441674e-12
6.621739439069099e-12
7.32118810505084e-12
7.670300651011023e-12
7.738437707308021e-12
8.542045383427483e-12
8.397158879022111e-12
8.414457386473682e-12
9.248156932812967e-12
9.406493207797072e-12
1.0646346570658792e-11
1.1249376516254227e-11
1.2005084006720815e-11
1.2779924558010895e-11
1.3004980897917146e-11
1.468627951754923e-11
1.6201004049292792e-11
1.7703367814750197e-11
1.9975345874254782e-11
2.2463363626295324e-11
1.5567780070895246e-10
5.186712254446122e-10
0.5197419905814757
0.5327425275066439
0.5447160017027209
0.5558533186716633
0.5662939306690133
0.5761430746088554
0.5854822612694052
0.5943759812111823
0.6028761679275167
0.6110252692221503
0.6188584213133209
0.6264050254240239
0.6336899152604996
0.6407342375005278
0.647556126662835
0.6541712298487027
0.660593120030785
0.6668336253465413
0.6729030942316311
0.6788106109313325
0.6845641722144401
0.6901708334398089
0.6956368301799037
0.700967680198723
0.7061682695025526
0.7112429253915271
0.7161954788384923
0.7210293180432
0.7257474346604721
0.7303524639109965
0.7348467195735254
0.7392322246683642
0.7435107385131878
0.7476837807168443
0.7517526525841483
0.7557184563408228
0.7595821125190376
0.7633443757983621
0.7670058495669965
0.770566999423955
0.7740281658258673
0.7773895760590037
0.7806513556988446
0.7838135397138436
0.7868760833494587
0.7898388729297787
0.7927017367088788
0.7954644558953384
0.7981267759759368
0.8006884184666214
0.8031490932134097
0.8055085113757514
0.8077663992216335
0.8099225128701871
0.8119766541210618
0.8139286875115597
0.8157785587471515
0.8175263146486964
0.8191721247618877
0.8207163047608255
0.8221593417661522
0.8235019216676985
0.8247449584931877
0.8258896257908885
0.8269373898806912
0.827890044664393
0.828749747453826
0.8295190549628434
0.83020095819085
0.8307989144006731
0.8313168737503851
0.8317592974012522
0.8321311631329998
0.8324379537380973
0.8326856228939681
0.8328805330159781
0.8330293600609627
0.8331389617340116
0.8332162083586504
0.8332677801499564
0.8332999408485265
0.8333183053994793
0.8333276277444812
0.8333316421580035
