3.5320780762230153e-12
3.5835658686374607e-12
3.638102460223712e-12
3.6964066066564905e-12
3.757774069655678e-12
3.822744348871376e-12
3.891520618551782e-12
3.964385410431955e-12
4.041002423703978e-12
4.1229877672972436e-12
3.393048257848716e-12
3.4683402175247832e-12
3.5481986723867295e-12
3.633304262023095e-12
3.723519921947049e-12
3.8197232816510924e-12
3.922518653863751e-12
4.0317102179443155e-12
4.1485007180638954e-12
3.453365310813316e-12
3.5622094207895345e-12
3.678564834855267e-12
3.80343317606581e-12
3.9375457039453145e-12
4.0811268944008934e-12
4.235233872808196e-12
3.566578167277844e-12
3.71324597928625e-12
3.87069875701843e-12
4.040867701850686e-12
4.224906788671104e-12
3.593709538466529e-12
3.771025707638145e-12
3.962813991260361e-12
4.171889105610446e-12
3.5814954161831366e-12
3.785837468994481e-12
4.008523641156325e-12
4.2523119638719295e-12
3.688027793586743e-12
3.930288551682018e-12
4.195971730253161e-12
3.6715660450514215e-12
3.939044325030279e-12
4.235702954025049e-12
3.740995853402226e-12
4.043894961473025e-12
4.382114075367996e-12
3.909968266681588e-12
4.2610432099394536e-12
3.830954914584624e-12
4.200613944753523e-12
4.61915766152702e-12
4.201449617707084e-12
4.651206685499079e-12
4.268124138367744e-12
4.757662367329058e-12
4.4064934738523016e-12
4.102914805553456e-12
4.629249905360852e-12
4.3540633536938005e-12
4.119555204425021e-12
4.709143995699619e-12
4.504856001074978e-12
4.337323516576693e-12
5.029490166585761e-12
4.902314894085626e-12
4.811151030605593e-12
4.756170107244166e-12
4.7376764967184994e-12
4.755531142682809e-12
4.811306269940794e-12
4.908537192751295e-12
5.0503990452050624e-12
5.24225935201834e-12
5.4912158843950166e-12
4.93318594794482e-12
5.276393225789125e-12
5.7000184918149304e-12
5.3157704613334814e-12
5.8765574991425796e-12
5.6337466395339095e-12
5.485335111778468e-12
5.4279015090129595e-12
5.460870901898722e-12
5.5904587560265545e-12
5.8262994384804126e-12
6.18568580449824e-12
6.694972327171183e-12
6.451330399819574e-12
6.378015289597584e-12
6.475805753346908e-12
6.758597070488144e-12
7.258913878187289e-12
7.102380481893974e-12
7.2086047479830664e-12
7.59916035302722e-12
7.436691550611474e-12
8.522127004319264e-12
8.219843559050681e-12
8.396446663859617e-12
9.105873898527254e-12
9.534035081273913e-12
9.767336900018065e-12
9.928196828428528e-12
1.1076717944959269e-11
1.1552068053147999e-11
1.158655076941221e-11
1.2395860393577796e-11
1.3444147627238312e-11
1.4311515453091732e-11
1.56957489452908e-11
1.668731800234302e-11
1.8686695429896577e-11
2.0952259733345727e-11
2.3894520684226832e-11
2.7160796193368442e-11
3.1725717841115813e-11
3.9128140832175585e-11
5.1718886832941926e-11
7.566042541167962e-11
1.435215499904711e-10
0.5386932269148054
0.5528650854457166
0.5655467347087738
0.577091790469556
0.5877368116849696
0.5976485116317509
0.6069491077051129
0.6157310071123175
0.6240658302246446
0.6320102218042033
0.6396097405636805
0.6469015476332453
0.6539163162588475
0.66067962054375
0.6672129661744217
0.6735345692878244
0.6796599544477422
0.6856024203243858
0.6913734070184921
0.6969827891944992
0.7024391124988373
0.7077497861181532
0.712921241037133
0.7179590612113076
0.7228680931667597
0.727652538261605
0.7323160309278399
0.7368617054784361
0.7412922535537422
0.7456099738464917
0.7498168154372025
0.753914415815039
0.7579041344745041
0.7617870828047187
0.7655641508884192
0.7692360317112021
0.7728032432140558
0.7762661485565172
0.7796249749086995
0.782879831051307
0.7860307240289145
0.7890775750851278
0.7920202350754301
0.7948584995564405
0.7975921237226952
0.8002208373690927
0.8027443600421682
0.8051624165435989
0.8074747529505185
0.8096811533116764
0.8117814571824414
0.8137755781591024
0.8156635235748667
0.8174454155150592
0.8191215133053158
0.8206922376158727
0.8221581963055369
0.8235202120984474
0.8247793521358392
0.8259369593673076
0.8269946856297673
0.8279545260938628
0.8288188545211806
0.8295904584483222
0.8302725729982681
0.8308689114664035
0.8313836901871995
0.8318216444284844
0.8321880312652042
0.8324886146207496
0.8327296270931236
0.8329177029960056
0.8330597775294662
0.8331629484745944
0.8332342996367653
0.8332806897404442
0.8333085167734363
0.8333234756768879
0.8333303361025246
